2 0.519531 0.126389 0.0557292 0.0712963
2 0.39974 0.118981 0.0546875 0.0805556
2 0.342448 0.47963 0.116146 0.137037
2 0.517969 0.181481 0.0598958 0.0722222
2 0.518229 0.440278 0.0572917 0.0990741
2 0.244531 0.170833 0.0828125 0.100926
2 0.459635 0.0810185 0.0651042 0.0768519
2 0.23776 0.533333 0.0901042 0.112963
2 0.270052 0.32963 0.0932292 0.107407
2 0.605729 0.412963 0.110417 0.125926
2 0.549479 0.329167 0.0666667 0.0898148
2 0.460156 0.430556 0.0661458 0.0907407
2 0.536719 0.0476852 0.0578125 0.0731481
2 0.45026 0.274537 0.0786458 0.0768519
2 0.404167 0.201389 0.078125 0.0972222
2 0.525781 0.261574 0.0682292 0.0990741
2 0.431771 0.357407 0.0802083 0.0777778
