2 0.528125 0.158796 0.0583333 0.0805556
2 0.548958 0.324074 0.0770833 0.101852
2 0.0138021 0.664352 0.0276042 0.199074
2 0.26276 0.277315 0.0901042 0.0694444
2 0.323698 0.444444 0.0828125 0.101852
2 0.527083 0.2 0.0625 0.0851852
2 0.408333 0.150463 0.053125 0.0787037
2 0.360156 0.516667 0.0963542 0.111111
2 0.52474 0.461574 0.0588542 0.100926
2 0.253646 0.193056 0.0885417 0.0972222
2 0.466927 0.105556 0.0619792 0.0740741
2 0.465365 0.452315 0.0640625 0.087963
2 0.611458 0.439815 0.110417 0.127778
2 0.532031 0.286574 0.0671875 0.0953704
2 0.4125 0.223611 0.0760417 0.102778
2 0.557031 0.355556 0.0692708 0.0907407
2 0.244792 0.553241 0.0916667 0.117593
2 0.542448 0.075463 0.0578125 0.0712963
2 0.278906 0.35463 0.0953125 0.105556
2 0.440625 0.378704 0.084375 0.0740741
2 0.45599 0.297685 0.0796875 0.075
