2 0.266406 0.313426 0.0734375 0.0731481
2 0.540625 0.202778 0.0552083 0.0814815
2 0.01875 0.665278 0.0375 0.200926
2 0.540885 0.247222 0.0619792 0.0703704
2 0.0494792 0.315741 0.0625 0.107407
2 0.425781 0.17963 0.0526042 0.0796296
2 0.547917 0.325926 0.065625 0.0962963
2 0.539323 0.501852 0.0609375 0.1
2 0.361458 0.525926 0.111458 0.155556
2 0.482292 0.149537 0.065625 0.0712963
2 0.270833 0.223611 0.08125 0.0972222
2 0.624479 0.481019 0.108333 0.128704
2 0.569531 0.39537 0.0703125 0.087037
2 0.454427 0.415278 0.0859375 0.0787037
2 0.558333 0.11713 0.0572917 0.0731481
2 0.258333 0.580556 0.090625 0.118519
2 0.296094 0.381944 0.0880208 0.106481
2 0.470052 0.336111 0.0796875 0.0759259
2 0.480469 0.489352 0.0661458 0.0916667
2 0.428906 0.263889 0.0776042 0.0962963
