2 0.264583 0.313889 0.0708333 0.0740741
2 0.541146 0.202315 0.0552083 0.0805556
2 0.0184896 0.663889 0.0369792 0.203704
2 0.0479167 0.314352 0.0614583 0.108333
2 0.541146 0.248611 0.0625 0.0675926
2 0.425521 0.17963 0.0520833 0.0796296
2 0.548437 0.325463 0.0677083 0.0972222
2 0.539323 0.501852 0.0609375 0.1
2 0.482292 0.149537 0.065625 0.0712963
2 0.360938 0.525926 0.1125 0.157407
2 0.623958 0.481019 0.109375 0.128704
2 0.270833 0.224074 0.08125 0.0981481
2 0.569531 0.395833 0.0703125 0.087963
2 0.454427 0.415278 0.0869792 0.0787037
2 0.558333 0.11713 0.0572917 0.0731481
2 0.258073 0.580556 0.0911458 0.118519
2 0.296094 0.382407 0.0880208 0.107407
2 0.470052 0.337037 0.0796875 0.0759259
2 0.480729 0.489352 0.0666667 0.0916667
2 0.429427 0.263889 0.0776042 0.0962963
