2 0.266927 0.314815 0.0776042 0.0722222
2 0.541146 0.192593 0.0552083 0.0648148
2 0.0192708 0.666667 0.0385417 0.209259
2 0.0481771 0.314352 0.0619792 0.102778
2 0.542188 0.251389 0.0635417 0.0657407
2 0.424479 0.181019 0.0520833 0.0787037
2 0.538542 0.503704 0.0614583 0.1
2 0.548698 0.327778 0.0692708 0.0944444
2 0.271354 0.224537 0.0802083 0.0972222
2 0.359635 0.528241 0.115104 0.15463
2 0.482292 0.147222 0.0666667 0.0796296
2 0.623177 0.484722 0.109896 0.132407
2 0.569531 0.398148 0.0723958 0.0888889
2 0.45651 0.41713 0.0890625 0.0768519
2 0.480208 0.491204 0.0666667 0.0916667
2 0.558854 0.118981 0.0572917 0.075
2 0.257812 0.581019 0.0895833 0.117593
2 0.296615 0.385185 0.0869792 0.107407
2 0.469792 0.3375 0.08125 0.075
2 0.428646 0.265741 0.078125 0.0944444
