2 0.268229 0.315278 0.0802083 0.0712963
2 0.540365 0.193056 0.0546875 0.0657407
2 0.0184896 0.667593 0.0369792 0.211111
2 0.540625 0.251852 0.0635417 0.0666667
2 0.0484375 0.314352 0.0625 0.102778
2 0.425 0.178241 0.0541667 0.0768519
2 0.53776 0.503241 0.0609375 0.100926
2 0.56849 0.4 0.0713542 0.0907407
2 0.359115 0.52963 0.116146 0.15
2 0.547917 0.32963 0.06875 0.0962963
2 0.269531 0.225 0.0807292 0.0981481
2 0.623438 0.484259 0.1125 0.133333
2 0.483073 0.150926 0.0682292 0.0796296
2 0.454688 0.417593 0.0864583 0.0777778
2 0.557813 0.119907 0.0583333 0.075
2 0.479427 0.49213 0.0651042 0.0916667
2 0.257031 0.581481 0.0890625 0.12037
2 0.469271 0.337963 0.08125 0.0759259
2 0.295573 0.385185 0.0890625 0.109259
2 0.428385 0.265278 0.0786458 0.0972222
