2 0.334635 0.478704 0.0796875 0.103704
2 0.0184896 0.672222 0.0369792 0.212963
2 0.538542 0.192593 0.0552083 0.0666667
2 0.269792 0.3125 0.08125 0.0712963
2 0.0453125 0.312963 0.0604167 0.109259
2 0.538802 0.253704 0.0630208 0.0648148
2 0.359375 0.541204 0.115625 0.125
2 0.535156 0.505093 0.0609375 0.0990741
2 0.422917 0.180556 0.053125 0.0814815
2 0.267708 0.225463 0.0791667 0.0935185
2 0.617708 0.484259 0.116667 0.12963
2 0.546094 0.328704 0.0692708 0.0925926
2 0.566406 0.398611 0.0703125 0.0898148
2 0.481771 0.151852 0.065625 0.0777778
2 0.45026 0.418056 0.0828125 0.0787037
2 0.476302 0.491204 0.0651042 0.0898148
2 0.254167 0.581944 0.0895833 0.119444
2 0.55625 0.118981 0.0583333 0.0731481
2 0.29401 0.383333 0.0911458 0.107407
2 0.427083 0.266204 0.0770833 0.0953704
2 0.467448 0.338426 0.0796875 0.075
