2 0.334375 0.478704 0.0802083 0.105556
2 0.5375 0.193981 0.0541667 0.0675926
2 0.0177083 0.671759 0.0354167 0.202778
2 0.270312 0.311574 0.0833333 0.0712963
2 0.53776 0.252778 0.0619792 0.0666667
2 0.0453125 0.313426 0.0635417 0.10463
2 0.358333 0.538889 0.116667 0.133333
2 0.422135 0.186111 0.0536458 0.0851852
2 0.533854 0.50787 0.059375 0.100926
2 0.265885 0.226389 0.0817708 0.0953704
2 0.545833 0.328704 0.0697917 0.0907407
2 0.565885 0.398611 0.0703125 0.087963
2 0.481771 0.152778 0.065625 0.0777778
2 0.475521 0.49213 0.0666667 0.0898148
2 0.616146 0.485648 0.117708 0.132407
2 0.253385 0.583796 0.0901042 0.121296
2 0.45 0.418056 0.084375 0.0787037
2 0.555469 0.120833 0.0588542 0.0731481
2 0.292969 0.384259 0.0921875 0.107407
2 0.425781 0.266667 0.0755208 0.0944444
2 0.466146 0.338426 0.0802083 0.075
