2 0.0179687 0.671759 0.0359375 0.202778
2 0.04375 0.312963 0.0604167 0.105556
2 0.421875 0.193056 0.053125 0.0824074
2 0.538281 0.25787 0.0609375 0.0638889
2 0.272917 0.312963 0.0833333 0.0722222
2 0.538281 0.198611 0.0546875 0.0657407
2 0.358333 0.537037 0.117708 0.144444
2 0.536979 0.509259 0.0625 0.101852
2 0.566406 0.403241 0.0723958 0.087963
2 0.482552 0.156019 0.0640625 0.0787037
2 0.266406 0.231944 0.0828125 0.0935185
2 0.546615 0.333333 0.0692708 0.0944444
2 0.477083 0.49537 0.0666667 0.0907407
2 0.620833 0.488889 0.115625 0.133333
2 0.254948 0.585648 0.0901042 0.119444
2 0.555729 0.121759 0.059375 0.075
2 0.427344 0.270833 0.0786458 0.0935185
2 0.294271 0.391204 0.0895833 0.102778
2 0.451042 0.420833 0.084375 0.0768519
2 0.467708 0.343056 0.0802083 0.075
