2 0.871354 0.0296296 0.0572917 0.0537037
2 0.33724 0.484259 0.0828125 0.0981481
2 0.0432292 0.314815 0.059375 0.107407
2 0.0174479 0.675 0.0348958 0.198148
2 0.422656 0.193519 0.0526042 0.0796296
2 0.538021 0.260648 0.0604167 0.0638889
2 0.365104 0.551389 0.105208 0.123148
2 0.271875 0.315278 0.0822917 0.075
2 0.483073 0.15787 0.0651042 0.0768519
2 0.539062 0.199537 0.0541667 0.062037
2 0.536198 0.510648 0.0609375 0.0990741
2 0.566146 0.405093 0.0708333 0.087963
2 0.26875 0.233333 0.0822917 0.0925926
2 0.546354 0.336111 0.06875 0.0925926
2 0.477865 0.497222 0.0651042 0.0888889
2 0.427083 0.271296 0.0760417 0.0962963
2 0.620052 0.490278 0.116146 0.132407
2 0.255208 0.585185 0.0885417 0.114815
2 0.55625 0.125463 0.0583333 0.0731481
2 0.29401 0.391667 0.0890625 0.101852
2 0.45 0.423148 0.08125 0.0759259
2 0.467708 0.343981 0.0791667 0.075
