2 0.33724 0.481481 0.0807292 0.0981481
2 0.0174479 0.672222 0.0348958 0.209259
2 0.422135 0.193056 0.0546875 0.0824074
2 0.0453125 0.316667 0.0604167 0.103704
2 0.53776 0.258796 0.0609375 0.0638889
2 0.272396 0.313889 0.084375 0.0740741
2 0.358854 0.542593 0.117708 0.133333
2 0.538542 0.199074 0.0541667 0.062963
2 0.535677 0.509722 0.0609375 0.100926
2 0.484635 0.156944 0.0619792 0.0768519
2 0.566146 0.404167 0.071875 0.087963
2 0.476042 0.495833 0.0666667 0.087963
2 0.266667 0.232407 0.08125 0.0944444
2 0.546354 0.336111 0.0697917 0.0962963
2 0.426823 0.272685 0.0755208 0.0935185
2 0.555208 0.125 0.059375 0.0722222
2 0.254687 0.586111 0.0895833 0.116667
2 0.619271 0.490278 0.116667 0.132407
2 0.45026 0.422222 0.0838542 0.0759259
2 0.294271 0.391204 0.0885417 0.100926
2 0.467969 0.343519 0.0796875 0.0740741
