2 0.0177083 0.672222 0.0354167 0.216667
2 0.0455729 0.316667 0.0619792 0.103704
2 0.422135 0.1875 0.0536458 0.0768519
2 0.538021 0.259722 0.0604167 0.0638889
2 0.271875 0.315741 0.0833333 0.0759259
2 0.482812 0.15787 0.0635417 0.0787037
2 0.534635 0.513426 0.0609375 0.0990741
2 0.538802 0.2 0.0546875 0.0611111
2 0.357812 0.5375 0.116667 0.14537
2 0.476302 0.497222 0.0661458 0.087037
2 0.566406 0.40463 0.0713542 0.0888889
2 0.267969 0.233333 0.0838542 0.0944444
2 0.545573 0.335648 0.0692708 0.0916667
2 0.254687 0.586111 0.0885417 0.116667
2 0.618229 0.491204 0.115625 0.130556
2 0.427344 0.271759 0.0765625 0.0972222
2 0.55625 0.125926 0.0583333 0.0740741
2 0.29401 0.39213 0.0880208 0.100926
2 0.44974 0.424074 0.0828125 0.0759259
2 0.467448 0.344907 0.0796875 0.075
