2 0.529167 0.1625 0.0552083 0.0824074
2 0.2625 0.277315 0.084375 0.0675926
2 0.0135417 0.665278 0.0270833 0.197222
2 0.327604 0.446296 0.084375 0.0981481
2 0.359635 0.518056 0.101562 0.113889
2 0.528385 0.197685 0.0619792 0.0953704
2 0.41276 0.147222 0.0536458 0.0777778
2 0.52526 0.466204 0.0578125 0.102778
2 0.254427 0.194907 0.0848958 0.0990741
2 0.470052 0.109722 0.0588542 0.075
2 0.414062 0.22963 0.0739583 0.0981481
2 0.613281 0.44213 0.113021 0.125
2 0.466927 0.456481 0.0640625 0.0925926
2 0.246094 0.55787 0.0901042 0.117593
2 0.558333 0.357407 0.06875 0.0888889
2 0.533333 0.289352 0.0666667 0.0972222
2 0.544271 0.0773148 0.05625 0.0712963
2 0.280469 0.356019 0.0932292 0.10463
2 0.441667 0.381944 0.0833333 0.075
2 0.457552 0.300463 0.0776042 0.075
