2 0.336198 0.485185 0.0807292 0.0981481
2 0.351562 0.513426 0.1125 0.141667
2 0.0174479 0.671759 0.0348958 0.215741
2 0.536979 0.20463 0.0552083 0.0666667
2 0.53724 0.256019 0.0609375 0.0712963
2 0.0427083 0.315278 0.0583333 0.10463
2 0.272396 0.315278 0.0854167 0.075
2 0.422396 0.190278 0.053125 0.0842593
2 0.365625 0.555556 0.103125 0.118519
2 0.533594 0.512963 0.0609375 0.1
2 0.476302 0.497685 0.0651042 0.087963
2 0.482812 0.158796 0.065625 0.0787037
2 0.426562 0.275463 0.0770833 0.0898148
2 0.565365 0.405093 0.0703125 0.0861111
2 0.266146 0.233333 0.0833333 0.0944444
2 0.545052 0.336574 0.0703125 0.0916667
2 0.253125 0.584722 0.090625 0.113889
2 0.554948 0.128704 0.0588542 0.0722222
2 0.616927 0.491204 0.117188 0.128704
2 0.292969 0.391667 0.0911458 0.101852
2 0.448438 0.424537 0.08125 0.0768519
2 0.466406 0.34537 0.0796875 0.0740741
