2 0.334635 0.481481 0.0786458 0.0981481
2 0.0174479 0.673148 0.0348958 0.211111
2 0.0442708 0.315741 0.0635417 0.105556
2 0.271875 0.314352 0.0864583 0.0731481
2 0.536198 0.260648 0.0609375 0.0638889
2 0.420833 0.193981 0.0541667 0.0861111
2 0.366406 0.55787 0.100521 0.115741
2 0.532031 0.512037 0.0588542 0.1
2 0.53724 0.2 0.0546875 0.062963
2 0.48151 0.157407 0.0619792 0.0777778
2 0.476042 0.496759 0.0645833 0.087963
2 0.263542 0.232407 0.08125 0.0925926
2 0.565365 0.403704 0.0713542 0.087037
2 0.426302 0.272222 0.0755208 0.0944444
2 0.252865 0.584722 0.0901042 0.115741
2 0.544271 0.335648 0.06875 0.0935185
2 0.292448 0.390741 0.0890625 0.101852
2 0.554427 0.125463 0.0588542 0.0731481
2 0.616146 0.491667 0.11875 0.131481
2 0.448177 0.423148 0.0807292 0.0777778
2 0.466406 0.343981 0.0796875 0.075
