2 0.0450521 0.321759 0.0640625 0.106481
2 0.336198 0.486111 0.0817708 0.0981481
2 0.0174479 0.674537 0.0348958 0.206481
2 0.53724 0.259259 0.0609375 0.0666667
2 0.273177 0.315278 0.0848958 0.0731481
2 0.536979 0.201852 0.0552083 0.062963
2 0.369792 0.563889 0.0958333 0.107407
2 0.476823 0.499074 0.0651042 0.087037
2 0.535417 0.513426 0.0614583 0.100926
2 0.426302 0.275926 0.0765625 0.0907407
2 0.422135 0.194907 0.0536458 0.0861111
2 0.48151 0.158333 0.0661458 0.0796296
2 0.565625 0.406481 0.0708333 0.087037
2 0.254167 0.5875 0.0916667 0.119444
2 0.266667 0.234259 0.08125 0.0925926
2 0.544792 0.337963 0.06875 0.0925926
2 0.61849 0.493056 0.116146 0.130556
2 0.554948 0.127778 0.0588542 0.0740741
2 0.292708 0.393056 0.0916667 0.102778
2 0.449479 0.425926 0.0833333 0.0759259
2 0.466927 0.345833 0.0796875 0.075
