2 0.04375 0.32037 0.0614583 0.103704
2 0.335938 0.488889 0.08125 0.1
2 0.0171875 0.686111 0.034375 0.198148
2 0.272135 0.31713 0.0796875 0.0731481
2 0.538021 0.203704 0.05625 0.0611111
2 0.538021 0.259259 0.0625 0.0703704
2 0.423177 0.190278 0.0526042 0.0787037
2 0.370573 0.565278 0.0953125 0.106481
2 0.480729 0.160648 0.0645833 0.075
2 0.476042 0.501852 0.0645833 0.0907407
2 0.565625 0.40787 0.071875 0.0861111
2 0.533854 0.516204 0.059375 0.102778
2 0.426302 0.279167 0.0755208 0.0916667
2 0.254167 0.588889 0.0895833 0.118519
2 0.545313 0.338889 0.0708333 0.0907407
2 0.267448 0.236111 0.0859375 0.0944444
2 0.554948 0.132407 0.0588542 0.0740741
2 0.29349 0.393056 0.0901042 0.10463
2 0.466927 0.348611 0.0796875 0.0768519
2 0.617708 0.495833 0.116667 0.132407
2 0.44974 0.428704 0.0828125 0.0759259
