2 0.0450521 0.318981 0.0630208 0.106481
2 0.0171875 0.674074 0.034375 0.207407
2 0.335156 0.4875 0.0807292 0.0990741
2 0.27474 0.316204 0.0807292 0.0712963
2 0.536458 0.258333 0.0614583 0.0722222
2 0.536458 0.206481 0.05625 0.0648148
2 0.47526 0.501389 0.0640625 0.0898148
2 0.422917 0.193519 0.0520833 0.0814815
2 0.42526 0.279167 0.0755208 0.0898148
2 0.533854 0.514352 0.0614583 0.102778
2 0.370833 0.566204 0.0916667 0.106481
2 0.479688 0.159722 0.0666667 0.0805556
2 0.253385 0.589352 0.0901042 0.119444
2 0.564062 0.407407 0.071875 0.087037
2 0.544531 0.338889 0.0692708 0.0907407
2 0.266667 0.236574 0.084375 0.0935185
2 0.554948 0.131944 0.0578125 0.0731481
2 0.292448 0.393981 0.0901042 0.10463
2 0.617969 0.49537 0.114063 0.131481
2 0.466146 0.347685 0.0791667 0.075
2 0.448958 0.427315 0.0833333 0.0768519
