2 0.0166667 0.675 0.0333333 0.22037
2 0.333854 0.486574 0.0802083 0.0990741
2 0.0414063 0.319444 0.0609375 0.109259
2 0.270833 0.317593 0.0854167 0.0722222
2 0.536198 0.260185 0.0609375 0.0666667
2 0.421615 0.194907 0.0515625 0.0805556
2 0.424479 0.275 0.0760417 0.0907407
2 0.475781 0.498611 0.0640625 0.087963
2 0.535417 0.202778 0.0541667 0.062963
2 0.370052 0.562963 0.0901042 0.107407
2 0.480729 0.158796 0.0625 0.0787037
2 0.253646 0.587963 0.0916667 0.118519
2 0.533594 0.512963 0.0609375 0.101852
2 0.564062 0.405556 0.0708333 0.0851852
2 0.542969 0.3375 0.0671875 0.0916667
2 0.264844 0.234259 0.0807292 0.0944444
2 0.553646 0.130556 0.0583333 0.0722222
2 0.291667 0.392593 0.090625 0.103704
2 0.618229 0.493981 0.113542 0.130556
2 0.447656 0.426389 0.0807292 0.0787037
2 0.465365 0.345833 0.0796875 0.075
