2 0.0169271 0.674537 0.0338542 0.215741
2 0.335156 0.485648 0.0786458 0.0990741
2 0.0432292 0.320833 0.0635417 0.110185
2 0.272396 0.31713 0.0885417 0.0731481
2 0.421615 0.19537 0.0515625 0.0814815
2 0.536719 0.261111 0.0609375 0.0648148
2 0.475781 0.498611 0.0640625 0.087963
2 0.426302 0.274537 0.0744792 0.0935185
2 0.36875 0.561111 0.0947917 0.111111
2 0.480729 0.158333 0.0635417 0.0777778
2 0.535937 0.202315 0.0541667 0.062037
2 0.253385 0.5875 0.0911458 0.117593
2 0.533073 0.513426 0.0598958 0.100926
2 0.564323 0.406019 0.0703125 0.0861111
2 0.543229 0.3375 0.0677083 0.0916667
2 0.264583 0.234259 0.0822917 0.0944444
2 0.553906 0.12963 0.0578125 0.0722222
2 0.291667 0.392593 0.090625 0.103704
2 0.447917 0.426389 0.08125 0.0787037
2 0.617188 0.491667 0.113542 0.124074
2 0.465625 0.345833 0.0791667 0.075
