2 0.0445312 0.321296 0.0630208 0.105556
2 0.0169271 0.685648 0.0338542 0.208333
2 0.273698 0.315278 0.0848958 0.0712963
2 0.335156 0.486574 0.0807292 0.0990741
2 0.53724 0.261574 0.0619792 0.0675926
2 0.536979 0.203241 0.0552083 0.0638889
2 0.426042 0.275463 0.0739583 0.0916667
2 0.533594 0.514815 0.0609375 0.101852
2 0.476302 0.500463 0.0640625 0.0898148
2 0.422917 0.197222 0.0520833 0.0851852
2 0.371875 0.566667 0.0895833 0.105556
2 0.564583 0.406944 0.0708333 0.0861111
2 0.480208 0.15787 0.065625 0.0824074
2 0.253906 0.588426 0.0901042 0.117593
2 0.544271 0.338426 0.06875 0.0916667
2 0.265365 0.234722 0.0796875 0.0935185
2 0.555729 0.129167 0.0583333 0.075
2 0.292188 0.393056 0.090625 0.102778
2 0.617708 0.494444 0.115625 0.131481
2 0.466146 0.346759 0.0791667 0.0768519
2 0.448958 0.426852 0.08125 0.0759259
