2 0.0445312 0.320833 0.0619792 0.102778
2 0.0171875 0.686111 0.034375 0.209259
2 0.536979 0.259722 0.0614583 0.0694444
2 0.335417 0.486574 0.08125 0.0990741
2 0.272917 0.315741 0.0864583 0.0722222
2 0.53724 0.204167 0.0546875 0.0638889
2 0.422917 0.19537 0.0520833 0.0833333
2 0.533854 0.514352 0.0604167 0.100926
2 0.476562 0.499537 0.0645833 0.0898148
2 0.426302 0.275463 0.0744792 0.0916667
2 0.372135 0.566667 0.0901042 0.105556
2 0.480729 0.158796 0.0677083 0.0805556
2 0.564583 0.407407 0.071875 0.0851852
2 0.253906 0.588426 0.0901042 0.117593
2 0.544792 0.338426 0.0697917 0.0916667
2 0.266406 0.235185 0.0817708 0.0925926
2 0.555729 0.130556 0.0583333 0.0722222
2 0.617448 0.493981 0.117188 0.130556
2 0.292188 0.393519 0.090625 0.103704
2 0.466406 0.346759 0.0796875 0.0768519
2 0.449219 0.427778 0.0817708 0.0759259
