2 0.0328125 0.294444 0.0552083 0.103704
2 0.260677 0.281481 0.0807292 0.0685185
2 0.0138021 0.665278 0.0276042 0.193519
2 0.326823 0.448148 0.0869792 0.0981481
2 0.528906 0.216204 0.0598958 0.0675926
2 0.529948 0.15787 0.0557292 0.062037
2 0.36276 0.523148 0.0973958 0.112963
2 0.413281 0.146296 0.0515625 0.0796296
2 0.526823 0.47037 0.0609375 0.101852
2 0.472656 0.114815 0.0598958 0.0759259
2 0.533854 0.296296 0.06875 0.0981481
2 0.559115 0.362037 0.0682292 0.0851852
2 0.415885 0.233796 0.0755208 0.0990741
2 0.25651 0.2 0.0817708 0.0944444
2 0.613281 0.450463 0.108854 0.130556
2 0.246354 0.561574 0.0916667 0.121296
2 0.467708 0.460648 0.0645833 0.0898148
2 0.281771 0.359259 0.0916667 0.105556
2 0.545573 0.0847222 0.0567708 0.0694444
2 0.441146 0.387037 0.08125 0.0759259
2 0.458073 0.305556 0.0765625 0.0759259
