2 0.0455729 0.323148 0.0640625 0.107407
2 0.0169271 0.687037 0.0338542 0.209259
2 0.334896 0.485185 0.0802083 0.0981481
2 0.536979 0.261111 0.0614583 0.0666667
2 0.272917 0.315741 0.0854167 0.0722222
2 0.53724 0.203241 0.0546875 0.0638889
2 0.534115 0.513889 0.0609375 0.1
2 0.422917 0.196759 0.0520833 0.0842593
2 0.476823 0.499074 0.0640625 0.087037
2 0.426042 0.275463 0.0739583 0.0916667
2 0.371615 0.564815 0.0890625 0.107407
2 0.564583 0.406944 0.0708333 0.0861111
2 0.479948 0.15787 0.0671875 0.0824074
2 0.253906 0.587963 0.0901042 0.116667
2 0.544271 0.338889 0.06875 0.0925926
2 0.265625 0.233796 0.0802083 0.0935185
2 0.55599 0.12963 0.0588542 0.0740741
2 0.617708 0.493981 0.117708 0.130556
2 0.292188 0.393056 0.090625 0.102778
2 0.448698 0.425926 0.0817708 0.0759259
2 0.466146 0.346296 0.0791667 0.0759259
