2 0.0520833 0.324074 0.0666667 0.0981481
2 0.0174479 0.685648 0.0348958 0.20463
2 0.53724 0.203704 0.0557292 0.062963
2 0.536719 0.258796 0.0619792 0.0694444
2 0.335156 0.485648 0.0817708 0.0990741
2 0.273177 0.316667 0.0838542 0.0703704
2 0.422917 0.193519 0.0520833 0.0814815
2 0.426302 0.275 0.0723958 0.0925926
2 0.476042 0.500463 0.0645833 0.0898148
2 0.48125 0.158796 0.0666667 0.0768519
2 0.533854 0.514815 0.0604167 0.101852
2 0.371875 0.566204 0.0916667 0.10463
2 0.564583 0.408333 0.071875 0.0851852
2 0.254167 0.587963 0.090625 0.116667
2 0.544792 0.339815 0.0708333 0.0925926
2 0.267708 0.235185 0.0822917 0.0925926
2 0.55599 0.130556 0.0578125 0.0722222
2 0.617188 0.494907 0.114583 0.130556
2 0.292448 0.394907 0.0911458 0.102778
2 0.465885 0.347222 0.0786458 0.0759259
2 0.448698 0.426852 0.0807292 0.0759259
