2 0.0455729 0.319444 0.0609375 0.101852
2 0.0171875 0.684722 0.034375 0.193519
2 0.538802 0.202778 0.0557292 0.0592593
2 0.272396 0.316667 0.0822917 0.0722222
2 0.335156 0.486111 0.0807292 0.0981481
2 0.5375 0.259722 0.0625 0.0694444
2 0.422656 0.190278 0.0526042 0.0805556
2 0.371615 0.564815 0.0942708 0.107407
2 0.482031 0.160648 0.0630208 0.075
2 0.476042 0.501389 0.0645833 0.0898148
2 0.565104 0.408333 0.071875 0.0851852
2 0.533854 0.516204 0.0604167 0.100926
2 0.426302 0.278241 0.0744792 0.0935185
2 0.254427 0.588889 0.0901042 0.116667
2 0.545313 0.339352 0.0708333 0.0916667
2 0.555208 0.133333 0.059375 0.0722222
2 0.267969 0.236111 0.0859375 0.0944444
2 0.617448 0.495833 0.117188 0.132407
2 0.29349 0.394444 0.0911458 0.103704
2 0.449479 0.427778 0.08125 0.0759259
2 0.466667 0.348148 0.078125 0.0759259
