2 0.871354 0.0324074 0.05625 0.0574074
2 0.336198 0.486111 0.0807292 0.0981481
2 0.0169271 0.673148 0.0338542 0.188889
2 0.0473958 0.318056 0.065625 0.102778
2 0.538802 0.201852 0.0557292 0.0611111
2 0.273958 0.31713 0.0854167 0.0731481
2 0.5375 0.259259 0.0625 0.0685185
2 0.423177 0.19213 0.0526042 0.0805556
2 0.367969 0.560185 0.101562 0.114815
2 0.483073 0.160185 0.0640625 0.0777778
2 0.534375 0.515741 0.0604167 0.101852
2 0.565625 0.40787 0.0708333 0.0842593
2 0.476562 0.501389 0.0645833 0.0898148
2 0.427344 0.275926 0.0723958 0.0925926
2 0.254948 0.587963 0.0901042 0.114815
2 0.545052 0.338426 0.0692708 0.0916667
2 0.267708 0.235648 0.0854167 0.0935185
2 0.555729 0.131019 0.0583333 0.0731481
2 0.617448 0.495833 0.117188 0.132407
2 0.44974 0.427315 0.0817708 0.075
2 0.293229 0.39537 0.0916667 0.103704
2 0.467187 0.347685 0.078125 0.0768519
