2 0.871615 0.0328704 0.0567708 0.0564815
2 0.335938 0.487037 0.0802083 0.1
2 0.0174479 0.674074 0.0348958 0.194444
2 0.0471354 0.319444 0.0640625 0.101852
2 0.271615 0.318519 0.0838542 0.0740741
2 0.538802 0.201852 0.0557292 0.0611111
2 0.53776 0.259259 0.0630208 0.0685185
2 0.422917 0.19213 0.053125 0.0787037
2 0.368229 0.559722 0.102083 0.115741
2 0.482292 0.161111 0.0625 0.0759259
2 0.476302 0.501389 0.0651042 0.0898148
2 0.533854 0.516204 0.0604167 0.100926
2 0.565365 0.40787 0.0713542 0.0842593
2 0.426302 0.278241 0.0744792 0.0935185
2 0.254948 0.588426 0.0911458 0.115741
2 0.544792 0.338426 0.0697917 0.0916667
2 0.267969 0.236111 0.0859375 0.0944444
2 0.555729 0.132407 0.0583333 0.0722222
2 0.617708 0.496296 0.116667 0.133333
2 0.292969 0.39537 0.0911458 0.103704
2 0.449479 0.427315 0.0822917 0.075
2 0.466927 0.348148 0.0786458 0.0759259
