2 0.0171875 0.683796 0.034375 0.19537
2 0.0458333 0.318519 0.059375 0.1
2 0.53724 0.20463 0.0567708 0.062963
2 0.335417 0.4875 0.08125 0.100926
2 0.272135 0.317593 0.0838542 0.0722222
2 0.536979 0.258333 0.0625 0.0703704
2 0.422917 0.19213 0.0520833 0.0824074
2 0.370573 0.564815 0.0953125 0.105556
2 0.475781 0.500926 0.0651042 0.0888889
2 0.425781 0.277778 0.0755208 0.0925926
2 0.481771 0.159722 0.0645833 0.0768519
2 0.533854 0.515278 0.0604167 0.0990741
2 0.565104 0.40787 0.071875 0.0842593
2 0.254427 0.587963 0.0901042 0.116667
2 0.544792 0.338889 0.0708333 0.0907407
2 0.267708 0.235185 0.084375 0.0925926
2 0.55599 0.131481 0.0578125 0.0722222
2 0.617448 0.494907 0.116146 0.132407
2 0.292969 0.394907 0.0911458 0.102778
2 0.449219 0.427315 0.0817708 0.075
2 0.465885 0.347685 0.0786458 0.075
