2 0.0447917 0.319444 0.0583333 0.1
2 0.0174479 0.674074 0.0348958 0.196296
2 0.53724 0.205556 0.0567708 0.0648148
2 0.335677 0.487037 0.0817708 0.1
2 0.271875 0.31713 0.0833333 0.0731481
2 0.53724 0.258333 0.0630208 0.0703704
2 0.422656 0.19213 0.0515625 0.0824074
2 0.370052 0.563889 0.0963542 0.107407
2 0.475781 0.500463 0.0651042 0.087963
2 0.482031 0.160185 0.0640625 0.0759259
2 0.533854 0.514815 0.0604167 0.1
2 0.426823 0.275463 0.0734375 0.0916667
2 0.565104 0.40787 0.071875 0.0842593
2 0.254427 0.587963 0.0901042 0.116667
2 0.544792 0.338889 0.0708333 0.0907407
2 0.267708 0.235185 0.084375 0.0925926
2 0.555729 0.131944 0.0583333 0.0712963
2 0.617448 0.494907 0.116146 0.130556
2 0.292969 0.394907 0.0911458 0.102778
2 0.449219 0.427315 0.0807292 0.075
2 0.466146 0.347222 0.0791667 0.0740741
