2 0.0460938 0.322685 0.0609375 0.0990741
2 0.53724 0.211574 0.0578125 0.075
2 0.0169271 0.686111 0.0338542 0.207407
2 0.335417 0.486111 0.0822917 0.1
2 0.53724 0.256944 0.0630208 0.0731481
2 0.272656 0.316667 0.0848958 0.0722222
2 0.422917 0.193519 0.0520833 0.0814815
2 0.370052 0.563889 0.0963542 0.107407
2 0.476042 0.500463 0.0645833 0.087963
2 0.482552 0.159722 0.0630208 0.0768519
2 0.425781 0.277778 0.0755208 0.0925926
2 0.533854 0.514352 0.0604167 0.100926
2 0.565104 0.40787 0.071875 0.0842593
2 0.254427 0.5875 0.0901042 0.115741
2 0.545052 0.338889 0.0703125 0.0907407
2 0.267708 0.235185 0.0833333 0.0925926
2 0.555208 0.131019 0.0583333 0.0712963
2 0.617448 0.494907 0.116146 0.130556
2 0.292708 0.393981 0.0895833 0.102778
2 0.448958 0.426852 0.0802083 0.0759259
2 0.466406 0.346759 0.0786458 0.075
