2 0.0169271 0.675463 0.0338542 0.20463
2 0.0401042 0.315741 0.0552083 0.107407
2 0.334896 0.483796 0.08125 0.0972222
2 0.272396 0.315741 0.0854167 0.0722222
2 0.5375 0.259722 0.0614583 0.0675926
2 0.53776 0.201852 0.0546875 0.0611111
2 0.422396 0.192593 0.053125 0.0814815
2 0.484635 0.160185 0.0609375 0.0740741
2 0.368229 0.560648 0.0979167 0.108333
2 0.534115 0.513889 0.0609375 0.0981481
2 0.476302 0.499074 0.0651042 0.0851852
2 0.565104 0.406944 0.071875 0.0842593
2 0.426823 0.275463 0.0734375 0.0916667
2 0.254687 0.588426 0.0916667 0.117593
2 0.267969 0.234722 0.0848958 0.0935185
2 0.544792 0.338426 0.0697917 0.0916667
2 0.555729 0.130093 0.0572917 0.0712963
2 0.617708 0.493981 0.116667 0.130556
2 0.448958 0.425 0.08125 0.0759259
2 0.292969 0.393519 0.0890625 0.101852
2 0.466146 0.345833 0.0791667 0.0731481
