2 0.0408854 0.315741 0.0567708 0.105556
2 0.0169271 0.685648 0.0338542 0.202778
2 0.536719 0.213426 0.0567708 0.0805556
2 0.334375 0.483796 0.0802083 0.0972222
2 0.536979 0.255093 0.0614583 0.075
2 0.272396 0.316204 0.0854167 0.0712963
2 0.476042 0.499537 0.0645833 0.0861111
2 0.422656 0.194907 0.0515625 0.0805556
2 0.533333 0.514352 0.0614583 0.0990741
2 0.369531 0.562037 0.0953125 0.109259
2 0.482031 0.159259 0.0640625 0.0759259
2 0.426823 0.275 0.0723958 0.0907407
2 0.564583 0.406944 0.0708333 0.0842593
2 0.544531 0.338426 0.0692708 0.0898148
2 0.267969 0.235185 0.0838542 0.0925926
2 0.254427 0.5875 0.0911458 0.115741
2 0.55599 0.131019 0.0567708 0.0712963
2 0.617708 0.494444 0.115625 0.12963
2 0.292708 0.393056 0.0885417 0.100926
2 0.448438 0.425463 0.0802083 0.0768519
2 0.465625 0.346296 0.0791667 0.0740741
