2 0.0335938 0.293519 0.0578125 0.107407
2 0.263802 0.281944 0.0838542 0.0675926
2 0.0145833 0.663426 0.0291667 0.193519
2 0.328125 0.448148 0.0875 0.0981481
2 0.529688 0.160185 0.0552083 0.0611111
2 0.361979 0.524074 0.1 0.112963
2 0.528646 0.21713 0.0604167 0.0694444
2 0.41276 0.152315 0.0515625 0.0805556
2 0.526823 0.471296 0.0598958 0.105556
2 0.46875 0.11713 0.0666667 0.075
2 0.559635 0.362963 0.0692708 0.0851852
2 0.535677 0.297685 0.0682292 0.0972222
2 0.546875 0.087963 0.0572917 0.0703704
2 0.416406 0.236111 0.0765625 0.0981481
2 0.25625 0.200926 0.0833333 0.0962963
2 0.613281 0.452315 0.113021 0.132407
2 0.246615 0.561111 0.0911458 0.124074
2 0.467708 0.462037 0.0645833 0.0925926
2 0.281771 0.359259 0.09375 0.103704
2 0.442448 0.387963 0.0828125 0.0759259
2 0.459375 0.307407 0.078125 0.0759259
