2 0.870313 0.0333333 0.0572917 0.0592593
2 0.334115 0.484259 0.0796875 0.1
2 0.0408854 0.312963 0.0557292 0.105556
2 0.0164062 0.675 0.0328125 0.205556
2 0.271094 0.315741 0.0817708 0.0722222
2 0.3625 0.553241 0.10625 0.117593
2 0.536719 0.260185 0.0619792 0.0666667
2 0.536719 0.202315 0.0557292 0.062037
2 0.422396 0.19213 0.053125 0.0842593
2 0.475521 0.498611 0.0645833 0.087963
2 0.482552 0.15787 0.0630208 0.0805556
2 0.426302 0.274074 0.0734375 0.0944444
2 0.533594 0.512963 0.0619792 0.1
2 0.564323 0.406019 0.0713542 0.0861111
2 0.253125 0.585648 0.090625 0.113889
2 0.54375 0.3375 0.06875 0.0916667
2 0.266146 0.234722 0.084375 0.0935185
2 0.555208 0.12963 0.0572917 0.0722222
2 0.617969 0.494444 0.114063 0.12963
2 0.447656 0.425463 0.0807292 0.0768519
2 0.291927 0.392593 0.0901042 0.1
2 0.465625 0.345833 0.0791667 0.0731481
