2 0.0351562 0.304167 0.0536458 0.128704
2 0.0161458 0.687037 0.0322917 0.211111
2 0.534115 0.208796 0.0567708 0.0657407
2 0.332552 0.484722 0.0796875 0.0972222
2 0.271094 0.315278 0.0838542 0.0712963
2 0.534115 0.258333 0.0609375 0.0722222
2 0.367708 0.562963 0.09375 0.109259
2 0.479167 0.161574 0.0635417 0.0731481
2 0.424219 0.275463 0.0744792 0.0898148
2 0.532031 0.512963 0.0619792 0.1
2 0.252344 0.587037 0.0901042 0.118519
2 0.420833 0.194907 0.0510417 0.0805556
2 0.472656 0.500463 0.0661458 0.0898148
2 0.563281 0.407407 0.0703125 0.0851852
2 0.553125 0.13287 0.0583333 0.0712963
2 0.542188 0.339352 0.06875 0.0935185
2 0.263281 0.234722 0.0838542 0.0916667
2 0.616667 0.49537 0.113542 0.12963
2 0.290885 0.39213 0.0901042 0.100926
2 0.446875 0.426389 0.0802083 0.0787037
2 0.463542 0.347222 0.078125 0.0740741
