2 0.868229 0.0337963 0.05625 0.062037
2 0.0367187 0.313426 0.0526042 0.108333
2 0.332552 0.484259 0.0796875 0.0962963
2 0.0158854 0.687963 0.0317708 0.211111
2 0.270052 0.315741 0.0838542 0.0722222
2 0.534635 0.261574 0.0619792 0.0675926
2 0.534375 0.205093 0.05625 0.062037
2 0.363542 0.558796 0.103125 0.113889
2 0.251563 0.587037 0.0895833 0.12037
2 0.478906 0.161574 0.0640625 0.0731481
2 0.424219 0.275463 0.0734375 0.0898148
2 0.531771 0.5125 0.0614583 0.100926
2 0.420312 0.193519 0.0510417 0.0833333
2 0.563021 0.406944 0.0708333 0.0842593
2 0.472135 0.500463 0.0671875 0.0898148
2 0.541406 0.340278 0.0682292 0.0935185
2 0.26276 0.234259 0.0828125 0.0925926
2 0.552083 0.131481 0.059375 0.0740741
2 0.289844 0.393056 0.0901042 0.0990741
2 0.615625 0.49537 0.114583 0.12963
2 0.446615 0.426389 0.0796875 0.0787037
2 0.463281 0.346296 0.0776042 0.0740741
