2 0.0151042 0.690278 0.0302083 0.208333
2 0.533854 0.207407 0.0572917 0.0648148
2 0.533854 0.25787 0.0625 0.0712963
2 0.270312 0.314815 0.0822917 0.0703704
2 0.332031 0.485648 0.0807292 0.0990741
2 0.479427 0.161574 0.0619792 0.075
2 0.248958 0.586111 0.090625 0.118519
2 0.419271 0.193981 0.05 0.075
2 0.36901 0.565741 0.0890625 0.105556
2 0.529948 0.512963 0.0598958 0.1
2 0.423698 0.275463 0.0734375 0.0898148
2 0.561979 0.406481 0.0697917 0.0833333
2 0.263281 0.234722 0.0828125 0.0916667
2 0.470833 0.500463 0.0666667 0.087963
2 0.552344 0.13287 0.0588542 0.0731481
2 0.540104 0.338426 0.06875 0.0935185
2 0.289844 0.392593 0.0901042 0.101852
2 0.614844 0.496296 0.113021 0.131481
2 0.446094 0.425926 0.0807292 0.0777778
2 0.4625 0.346296 0.078125 0.0740741
