2 0.0354167 0.317593 0.0520833 0.103704
2 0.866406 0.0347222 0.0567708 0.062037
2 0.0138021 0.688426 0.0276042 0.206481
2 0.267188 0.315741 0.0822917 0.0685185
2 0.330729 0.485185 0.08125 0.1
2 0.533073 0.261574 0.0619792 0.0657407
2 0.532812 0.206019 0.05625 0.062037
2 0.478906 0.160648 0.0598958 0.0768519
2 0.247917 0.587037 0.090625 0.116667
2 0.41875 0.193056 0.053125 0.0805556
2 0.366667 0.564815 0.0927083 0.105556
2 0.528646 0.515278 0.0604167 0.100926
2 0.423177 0.274537 0.0713542 0.0916667
2 0.561719 0.406019 0.0692708 0.0824074
2 0.470052 0.500926 0.0671875 0.0888889
2 0.539062 0.339352 0.0677083 0.0953704
2 0.263281 0.234722 0.0848958 0.0916667
2 0.551302 0.132407 0.0578125 0.0740741
2 0.288542 0.393056 0.090625 0.102778
2 0.445052 0.426852 0.0828125 0.0759259
2 0.613021 0.495833 0.1125 0.130556
2 0.461719 0.346296 0.0776042 0.0740741
