2 0.0138021 0.690741 0.0276042 0.203704
2 0.928906 0.0300926 0.0536458 0.0564815
2 0.978385 0.0236111 0.0432292 0.0453704
2 0.53125 0.206481 0.05625 0.0648148
2 0.264583 0.317593 0.078125 0.0722222
2 0.531771 0.259722 0.0614583 0.0694444
2 0.864844 0.0356481 0.0557292 0.0657407
2 0.329427 0.484722 0.0817708 0.102778
2 0.476302 0.160185 0.0619792 0.0777778
2 0.365104 0.5625 0.0916667 0.108333
2 0.246615 0.587963 0.0921875 0.114815
2 0.527604 0.513426 0.0604167 0.100926
2 0.560417 0.406019 0.06875 0.0824074
2 0.417969 0.19213 0.0515625 0.0787037
2 0.468229 0.500463 0.0645833 0.087963
2 0.538542 0.338889 0.0666667 0.0925926
2 0.422396 0.274537 0.0708333 0.0898148
2 0.26224 0.234259 0.0838542 0.0907407
2 0.550781 0.131481 0.0567708 0.0740741
2 0.286979 0.393056 0.0895833 0.100926
2 0.614323 0.491204 0.110937 0.117593
2 0.44401 0.426389 0.0817708 0.075
2 0.460938 0.346296 0.078125 0.0740741
