2 0.0354167 0.312963 0.0583333 0.101852
2 0.863542 0.0342593 0.05625 0.062963
2 0.927083 0.0296296 0.0541667 0.0555556
2 0.977604 0.0240741 0.0447917 0.0481481
2 0.264323 0.313889 0.0848958 0.0666667
2 0.529948 0.205556 0.0567708 0.0648148
2 0.328646 0.48287 0.08125 0.100926
2 0.529948 0.258333 0.0598958 0.0703704
2 0.360938 0.558333 0.09375 0.114815
2 0.473698 0.159259 0.0630208 0.0722222
2 0.416406 0.191667 0.0526042 0.0851852
2 0.526302 0.511111 0.0609375 0.103704
2 0.558854 0.406019 0.0697917 0.0842593
2 0.466667 0.498148 0.0645833 0.0907407
2 0.548958 0.131944 0.0583333 0.0712963
2 0.244792 0.586111 0.09375 0.116667
2 0.536979 0.336574 0.0677083 0.0935185
2 0.41875 0.274074 0.0739583 0.0888889
2 0.259375 0.232407 0.0864583 0.0944444
2 0.284896 0.392593 0.0885417 0.103704
2 0.442708 0.424537 0.084375 0.075
2 0.61224 0.494907 0.110937 0.128704
2 0.459375 0.344907 0.0791667 0.075
