2 0.0338542 0.310648 0.0572917 0.102778
2 0.922917 0.0291667 0.053125 0.0564815
2 0.326562 0.47963 0.0802083 0.0981481
2 0.975521 0.024537 0.0479167 0.0490741
2 0.260156 0.314352 0.0828125 0.0694444
2 0.354688 0.549537 0.103125 0.123148
2 0.529948 0.259722 0.0598958 0.0638889
2 0.529427 0.201389 0.0546875 0.0638889
2 0.473958 0.156481 0.0635417 0.0759259
2 0.52474 0.511111 0.0609375 0.101852
2 0.414062 0.192593 0.0541667 0.087037
2 0.557552 0.40463 0.0703125 0.0851852
2 0.242969 0.584259 0.0942708 0.114815
2 0.534375 0.336574 0.0677083 0.0953704
2 0.465104 0.497685 0.0645833 0.087963
2 0.258073 0.231019 0.0838542 0.0953704
2 0.547135 0.128241 0.0609375 0.0731481
2 0.283073 0.391204 0.0890625 0.106481
2 0.417188 0.271759 0.075 0.087963
2 0.608333 0.489352 0.10625 0.123148
2 0.441927 0.423148 0.0848958 0.0759259
2 0.458073 0.343519 0.0786458 0.0740741
