2 0.342448 0.513889 0.104687 0.15
2 0.034375 0.311111 0.0583333 0.103704
2 0.922656 0.0287037 0.0526042 0.0555556
2 0.975521 0.0240741 0.0479167 0.0481481
2 0.261458 0.313889 0.084375 0.0685185
2 0.327604 0.481019 0.0802083 0.100926
2 0.529688 0.259722 0.059375 0.0638889
2 0.358594 0.554167 0.0973958 0.113889
2 0.529427 0.201389 0.0546875 0.0638889
2 0.474219 0.156481 0.0619792 0.0740741
2 0.524479 0.511111 0.0604167 0.1
2 0.414062 0.191667 0.053125 0.087037
2 0.557552 0.405093 0.0703125 0.0842593
2 0.465365 0.497685 0.0640625 0.087963
2 0.534635 0.336111 0.0671875 0.0944444
2 0.257552 0.230556 0.0838542 0.0944444
2 0.24375 0.584259 0.0947917 0.114815
2 0.546615 0.128704 0.0609375 0.0722222
2 0.282813 0.390741 0.0885417 0.105556
2 0.416927 0.271759 0.0755208 0.087963
2 0.442187 0.422222 0.084375 0.0759259
2 0.608854 0.488889 0.107292 0.122222
2 0.458333 0.343056 0.0791667 0.0731481
