2 0.976042 0.0236111 0.046875 0.0472222
2 0.0351562 0.311574 0.0578125 0.102778
2 0.263802 0.312037 0.0869792 0.0685185
2 0.328125 0.481481 0.0802083 0.101852
2 0.354427 0.548611 0.104687 0.117593
2 0.529427 0.259722 0.0598958 0.0657407
2 0.529688 0.200926 0.0552083 0.062963
2 0.523958 0.510185 0.0604167 0.1
2 0.473698 0.155093 0.0619792 0.075
2 0.414062 0.191204 0.053125 0.0842593
2 0.557552 0.404167 0.0703125 0.0842593
2 0.465625 0.496759 0.0645833 0.087963
2 0.534896 0.336111 0.0666667 0.0925926
2 0.257812 0.22963 0.0833333 0.0962963
2 0.24375 0.583796 0.09375 0.117593
2 0.547135 0.128704 0.0598958 0.0722222
2 0.282813 0.389815 0.0895833 0.105556
2 0.441927 0.421759 0.0848958 0.075
2 0.416927 0.271296 0.0755208 0.0888889
2 0.607813 0.489352 0.108333 0.123148
2 0.458333 0.342593 0.0802083 0.0740741
