2 0.261198 0.284259 0.0807292 0.0648148
2 0.0148437 0.661111 0.0296875 0.188889
2 0.328906 0.448148 0.0859375 0.0981481
2 0.530469 0.158796 0.0557292 0.062037
2 0.364062 0.526389 0.0979167 0.112037
2 0.529948 0.216667 0.0609375 0.0685185
2 0.527344 0.473611 0.0609375 0.102778
2 0.413021 0.151852 0.0520833 0.0814815
2 0.472396 0.115278 0.0625 0.0768519
2 0.559896 0.362963 0.06875 0.0851852
2 0.536979 0.297222 0.0677083 0.0981481
2 0.256771 0.200926 0.0833333 0.0944444
2 0.613542 0.452778 0.113542 0.133333
2 0.416927 0.236111 0.0755208 0.0962963
2 0.246875 0.562037 0.0895833 0.124074
2 0.547656 0.0865741 0.0588542 0.0694444
2 0.283594 0.358796 0.0921875 0.106481
2 0.44349 0.387963 0.0828125 0.0759259
2 0.467969 0.462963 0.0640625 0.0925926
2 0.459635 0.307407 0.0776042 0.0759259
