2 0.535937 0.160648 0.0552083 0.121296
2 0.975 0.0236111 0.0489583 0.0472222
2 0.322917 0.478704 0.0802083 0.1
2 0.258854 0.311574 0.0822917 0.0657407
2 0.354688 0.545833 0.103125 0.119444
2 0.413802 0.186111 0.0526042 0.0777778
2 0.529167 0.258333 0.0604167 0.0648148
2 0.529167 0.200926 0.05625 0.0648148
2 0.474219 0.156019 0.0651042 0.075
2 0.522135 0.510185 0.0578125 0.101852
2 0.257031 0.227778 0.0838542 0.0962963
2 0.55651 0.404167 0.0703125 0.0861111
2 0.464323 0.49537 0.0640625 0.0888889
2 0.533854 0.335185 0.0677083 0.0944444
2 0.242188 0.58287 0.0927083 0.115741
2 0.28151 0.387963 0.0901042 0.107407
2 0.546875 0.125463 0.0583333 0.075
2 0.607292 0.4875 0.108333 0.121296
2 0.415104 0.26713 0.075 0.0935185
2 0.440625 0.419907 0.084375 0.0731481
2 0.457292 0.342593 0.0802083 0.0740741
