2 0.974219 0.0236111 0.0505208 0.0472222
2 0.259375 0.309722 0.0822917 0.0657407
2 0.321354 0.476852 0.0822917 0.0981481
2 0.527604 0.205556 0.0572917 0.0740741
2 0.357031 0.55 0.0942708 0.12037
2 0.528385 0.253704 0.0609375 0.0685185
2 0.520833 0.511111 0.0583333 0.101852
2 0.41224 0.186111 0.0536458 0.0851852
2 0.472396 0.154167 0.0614583 0.0787037
2 0.463281 0.495833 0.0640625 0.0898148
2 0.554427 0.403241 0.0692708 0.0861111
2 0.255469 0.225926 0.0848958 0.0962963
2 0.241667 0.581481 0.09375 0.114815
2 0.607552 0.486574 0.111979 0.121296
2 0.532552 0.33287 0.0682292 0.0935185
2 0.414583 0.266667 0.075 0.0944444
2 0.279948 0.38287 0.0932292 0.112037
2 0.545573 0.125463 0.0578125 0.075
2 0.439063 0.417593 0.0854167 0.0759259
2 0.45625 0.341204 0.08125 0.0731481
