2 0.322917 0.477778 0.08125 0.1
2 0.527604 0.202778 0.0572917 0.0703704
2 0.258594 0.311111 0.0828125 0.0685185
2 0.351042 0.54213 0.108333 0.134259
2 0.528385 0.25463 0.0609375 0.0666667
2 0.521875 0.510185 0.0583333 0.101852
2 0.4125 0.184259 0.053125 0.0814815
2 0.472135 0.15463 0.0619792 0.0777778
2 0.463802 0.495833 0.0651042 0.0898148
2 0.555469 0.403241 0.0692708 0.0861111
2 0.255469 0.227315 0.0859375 0.0953704
2 0.241927 0.582407 0.0932292 0.114815
2 0.280469 0.386574 0.0921875 0.108333
2 0.532552 0.33287 0.0682292 0.0935185
2 0.608333 0.486111 0.111458 0.122222
2 0.545573 0.125 0.0578125 0.0759259
2 0.439844 0.418981 0.0859375 0.075
2 0.414844 0.266667 0.0744792 0.0944444
2 0.45625 0.341204 0.0802083 0.0731481
