2 0.34349 0.515741 0.104687 0.151852
2 0.536979 0.156481 0.05625 0.124074
2 0.860417 0.0333333 0.0583333 0.0592593
2 0.922396 0.0282407 0.0541667 0.0527778
2 0.97474 0.0226852 0.0494792 0.0453704
2 0.0348958 0.311574 0.0604167 0.10463
2 0.25599 0.313889 0.0786458 0.0685185
2 0.327083 0.480093 0.0791667 0.100926
2 0.358073 0.552778 0.0963542 0.112963
2 0.529688 0.258796 0.0604167 0.0638889
2 0.414583 0.189352 0.053125 0.0805556
2 0.528906 0.201852 0.0557292 0.0666667
2 0.475 0.155093 0.0635417 0.0768519
2 0.523958 0.509259 0.059375 0.101852
2 0.257812 0.229167 0.084375 0.0972222
2 0.557552 0.403704 0.0692708 0.0851852
2 0.24375 0.583333 0.09375 0.114815
2 0.534115 0.334722 0.0671875 0.0953704
2 0.466406 0.496759 0.0651042 0.0898148
2 0.282031 0.389352 0.0890625 0.106481
2 0.608073 0.4875 0.107813 0.123148
2 0.546615 0.125926 0.0588542 0.0759259
2 0.441406 0.421296 0.0838542 0.0740741
2 0.416146 0.268519 0.0739583 0.0944444
2 0.458073 0.34213 0.0786458 0.0731481
