2 0.342708 0.513889 0.105208 0.151852
2 0.923177 0.0287037 0.0546875 0.0537037
2 0.860937 0.0333333 0.0583333 0.0592593
2 0.0361979 0.312037 0.0598958 0.103704
2 0.264323 0.311574 0.0838542 0.0675926
2 0.327604 0.480093 0.0802083 0.100926
2 0.529688 0.25787 0.0604167 0.0675926
2 0.529427 0.204167 0.0567708 0.0731481
2 0.359115 0.553241 0.0973958 0.113889
2 0.523698 0.509259 0.0588542 0.101852
2 0.414323 0.191204 0.0526042 0.0842593
2 0.473958 0.155093 0.0614583 0.075
2 0.557813 0.403704 0.0697917 0.0851852
2 0.466667 0.497685 0.0645833 0.087963
2 0.24401 0.58287 0.0942708 0.113889
2 0.534896 0.336111 0.0666667 0.0944444
2 0.257812 0.22963 0.084375 0.0962963
2 0.282813 0.389815 0.0895833 0.105556
2 0.547656 0.127778 0.0588542 0.0722222
2 0.441927 0.421759 0.0838542 0.075
2 0.608854 0.489815 0.1125 0.124074
2 0.416667 0.269444 0.075 0.0907407
2 0.458594 0.342593 0.0796875 0.0740741
