2 0.976302 0.0226852 0.0463542 0.0453704
2 0.0356771 0.311111 0.0609375 0.103704
2 0.259896 0.310648 0.0822917 0.0657407
2 0.324479 0.477778 0.08125 0.1
2 0.528906 0.206481 0.0578125 0.0777778
2 0.529427 0.253704 0.0609375 0.0685185
2 0.355469 0.547222 0.103646 0.114815
2 0.47526 0.154167 0.0609375 0.0787037
2 0.524479 0.507407 0.0614583 0.101852
2 0.414844 0.186574 0.0536458 0.0842593
2 0.257812 0.227315 0.084375 0.0990741
2 0.557552 0.402778 0.0692708 0.087037
2 0.466406 0.496296 0.0651042 0.0888889
2 0.24349 0.581944 0.0932292 0.115741
2 0.547656 0.126852 0.0598958 0.0740741
2 0.534375 0.332407 0.0677083 0.0944444
2 0.609375 0.486574 0.111458 0.123148
2 0.441667 0.418981 0.0854167 0.0768519
2 0.282813 0.386574 0.0916667 0.110185
2 0.416146 0.26713 0.075 0.0935185
2 0.457812 0.340278 0.0802083 0.0731481
