2 0.0335938 0.30787 0.0588542 0.110185
2 0.259635 0.310648 0.0828125 0.0675926
2 0.323438 0.477778 0.08125 0.1
2 0.529427 0.256019 0.0609375 0.0638889
2 0.528906 0.203241 0.0578125 0.0731481
2 0.354427 0.544907 0.105729 0.117593
2 0.414062 0.186111 0.0541667 0.0851852
2 0.52526 0.508333 0.0619792 0.101852
2 0.472656 0.152778 0.0661458 0.0740741
2 0.466146 0.496296 0.0645833 0.0888889
2 0.557292 0.402315 0.0697917 0.087963
2 0.257031 0.225926 0.0848958 0.0981481
2 0.243229 0.582407 0.09375 0.114815
2 0.611719 0.488426 0.109896 0.126852
2 0.534375 0.332407 0.0677083 0.0944444
2 0.441667 0.418519 0.0854167 0.0759259
2 0.547656 0.124537 0.0578125 0.075
2 0.281771 0.386111 0.0927083 0.111111
2 0.416406 0.266204 0.0744792 0.0953704
2 0.457812 0.340278 0.0791667 0.0731481
