2 0.0333333 0.309259 0.05625 0.107407
2 0.26224 0.311574 0.0859375 0.0675926
2 0.327344 0.480093 0.0807292 0.100926
2 0.529688 0.253704 0.0614583 0.0740741
2 0.529427 0.219907 0.0588542 0.100926
2 0.357812 0.552778 0.1 0.116667
2 0.524479 0.508796 0.0604167 0.100926
2 0.473437 0.15463 0.0625 0.0759259
2 0.414583 0.189815 0.053125 0.0851852
2 0.558073 0.403704 0.0692708 0.0851852
2 0.258594 0.228241 0.0848958 0.0972222
2 0.466667 0.497685 0.0645833 0.087963
2 0.244271 0.58287 0.0947917 0.113889
2 0.534896 0.335648 0.0666667 0.0953704
2 0.283073 0.388426 0.0890625 0.106481
2 0.547656 0.126389 0.0588542 0.075
2 0.441927 0.421759 0.0838542 0.075
2 0.608594 0.489352 0.110937 0.123148
2 0.416667 0.268981 0.075 0.0916667
2 0.458333 0.342593 0.0802083 0.0740741
