2 0.536719 0.166667 0.0536458 0.12037
2 0.925 0.0287037 0.053125 0.0555556
2 0.0354167 0.314352 0.0583333 0.102778
2 0.976823 0.0236111 0.0463542 0.0472222
2 0.26276 0.313889 0.0828125 0.0666667
2 0.328646 0.482407 0.0802083 0.101852
2 0.530469 0.260185 0.0609375 0.0648148
2 0.530469 0.201852 0.0557292 0.062963
2 0.361458 0.558333 0.09375 0.112963
2 0.415365 0.195833 0.0536458 0.0842593
2 0.474479 0.156944 0.0635417 0.0731481
2 0.526042 0.510185 0.0614583 0.103704
2 0.245573 0.586574 0.0932292 0.115741
2 0.558854 0.405093 0.06875 0.0842593
2 0.466406 0.497685 0.0640625 0.0898148
2 0.548958 0.128241 0.0583333 0.0731481
2 0.536198 0.3375 0.0682292 0.0953704
2 0.284896 0.39213 0.0885417 0.102778
2 0.258854 0.232407 0.0854167 0.0944444
2 0.418229 0.272685 0.0739583 0.0898148
2 0.442708 0.424537 0.0833333 0.075
2 0.61276 0.493519 0.111979 0.127778
2 0.459115 0.344444 0.0796875 0.0740741
