2 0.863281 0.0342593 0.0567708 0.062963
2 0.976302 0.0236111 0.0463542 0.0472222
2 0.0356771 0.315741 0.0578125 0.101852
2 0.329427 0.483333 0.0828125 0.101852
2 0.265885 0.313889 0.0838542 0.0685185
2 0.53099 0.202778 0.0557292 0.0611111
2 0.53125 0.260185 0.0614583 0.0685185
2 0.361198 0.558333 0.0973958 0.114815
2 0.475 0.15787 0.0625 0.0731481
2 0.417448 0.189815 0.0526042 0.0796296
2 0.527083 0.510648 0.0614583 0.102778
2 0.246354 0.587037 0.09375 0.116667
2 0.559375 0.405556 0.0697917 0.0833333
2 0.467187 0.499537 0.0645833 0.087963
2 0.53724 0.337037 0.0682292 0.0925926
2 0.420312 0.274537 0.0729167 0.0898148
2 0.549219 0.132407 0.0588542 0.0722222
2 0.285417 0.393056 0.0916667 0.100926
2 0.259375 0.233796 0.0833333 0.0898148
2 0.44401 0.425 0.0828125 0.0759259
2 0.613021 0.494444 0.111458 0.12963
2 0.459635 0.34537 0.0796875 0.0740741
