2 0.0153646 0.670833 0.0307292 0.199074
2 0.329427 0.453241 0.0859375 0.0953704
2 0.529948 0.16713 0.0557292 0.0675926
2 0.529688 0.223611 0.0604167 0.075
2 0.359375 0.528704 0.1125 0.112963
2 0.413802 0.160648 0.0526042 0.0787037
2 0.473177 0.123148 0.0630208 0.0740741
2 0.260417 0.214352 0.0885417 0.10463
2 0.529688 0.481019 0.0604167 0.10463
2 0.560156 0.368519 0.0692708 0.0814815
2 0.549219 0.0921296 0.0578125 0.0731481
2 0.538021 0.303704 0.0677083 0.0944444
2 0.285677 0.364815 0.0921875 0.105556
2 0.248437 0.565278 0.090625 0.117593
2 0.417188 0.242593 0.078125 0.0944444
2 0.470052 0.471296 0.0671875 0.0888889
2 0.613281 0.458796 0.113021 0.130556
2 0.444271 0.395833 0.0822917 0.0787037
2 0.461198 0.314352 0.0796875 0.0768519
