2 0.0135417 0.691667 0.0270833 0.207407
2 0.0354167 0.316667 0.0552083 0.105556
2 0.530729 0.204167 0.05625 0.062037
2 0.329427 0.484722 0.0828125 0.100926
2 0.265365 0.314815 0.0828125 0.0685185
2 0.53151 0.258796 0.0630208 0.0712963
2 0.417708 0.189352 0.053125 0.0805556
2 0.363281 0.561111 0.0953125 0.111111
2 0.47526 0.15787 0.0619792 0.0731481
2 0.245573 0.591204 0.0921875 0.115741
2 0.527344 0.512037 0.0609375 0.103704
2 0.559375 0.405556 0.0697917 0.0833333
2 0.467187 0.500926 0.0645833 0.087037
2 0.5375 0.336111 0.0677083 0.0925926
2 0.420052 0.274537 0.0734375 0.0916667
2 0.549479 0.132407 0.0583333 0.0722222
2 0.286198 0.393056 0.0901042 0.0990741
2 0.444531 0.425926 0.0828125 0.0759259
2 0.259115 0.233796 0.0838542 0.0916667
2 0.613802 0.494907 0.110937 0.128704
2 0.459635 0.345833 0.0796875 0.075
