2 0.0375 0.315278 0.0583333 0.102778
2 0.0132813 0.690278 0.0265625 0.210185
2 0.863802 0.0342593 0.0567708 0.062963
2 0.928385 0.0296296 0.0536458 0.0555556
2 0.269792 0.315741 0.0833333 0.0666667
2 0.977604 0.024537 0.0447917 0.0490741
2 0.53125 0.205556 0.05625 0.062963
2 0.53125 0.260648 0.0625 0.0694444
2 0.329427 0.485648 0.0828125 0.102778
2 0.365365 0.563426 0.0880208 0.108333
2 0.476302 0.161111 0.0609375 0.0777778
2 0.246875 0.5875 0.0916667 0.113889
2 0.527865 0.512963 0.0609375 0.103704
2 0.560417 0.406019 0.0697917 0.0824074
2 0.467708 0.500926 0.0645833 0.087037
2 0.417448 0.191204 0.0515625 0.0805556
2 0.421354 0.275 0.0708333 0.0888889
2 0.261979 0.235648 0.0833333 0.0898148
2 0.538542 0.338426 0.0677083 0.0953704
2 0.286719 0.393981 0.0901042 0.100926
2 0.444271 0.426852 0.0822917 0.0740741
2 0.55026 0.131944 0.0578125 0.0731481
2 0.613802 0.490278 0.110937 0.119444
2 0.460938 0.346759 0.0791667 0.075
