2 0.0132813 0.689815 0.0265625 0.209259
2 0.0442708 0.317593 0.065625 0.0981481
2 0.266667 0.314352 0.084375 0.0675926
2 0.531771 0.257407 0.0625 0.0740741
2 0.53125 0.209259 0.0583333 0.0685185
2 0.864323 0.0356481 0.0546875 0.0657407
2 0.929688 0.0300926 0.0510417 0.0601852
2 0.329167 0.485648 0.0833333 0.102778
2 0.978385 0.025463 0.0432292 0.0509259
2 0.476823 0.161111 0.0619792 0.0777778
2 0.365365 0.563426 0.0890625 0.108333
2 0.246875 0.5875 0.0916667 0.115741
2 0.560417 0.406481 0.0697917 0.0814815
2 0.527865 0.513889 0.0598958 0.103704
2 0.467969 0.500926 0.0640625 0.087037
2 0.538802 0.338889 0.0671875 0.0944444
2 0.417448 0.19213 0.0526042 0.0787037
2 0.421615 0.274537 0.0703125 0.0898148
2 0.261979 0.234259 0.0822917 0.0925926
2 0.286458 0.393056 0.090625 0.100926
2 0.550781 0.131944 0.0578125 0.0731481
2 0.444271 0.426852 0.0822917 0.0740741
2 0.613802 0.49537 0.110937 0.12963
2 0.460938 0.346759 0.0791667 0.075
