2 0.0403646 0.313889 0.0640625 0.103704
2 0.26875 0.314352 0.0875 0.0657407
2 0.328906 0.484722 0.0817708 0.100926
2 0.864583 0.037037 0.0552083 0.0666667
2 0.928125 0.0305556 0.0520833 0.0611111
2 0.53151 0.204167 0.0557292 0.0601852
2 0.977604 0.0259259 0.0447917 0.0518519
2 0.53099 0.2625 0.0609375 0.0675926
2 0.361458 0.561574 0.0927083 0.112037
2 0.475781 0.160185 0.0630208 0.0777778
2 0.417188 0.19213 0.0520833 0.0787037
2 0.526563 0.512963 0.0614583 0.103704
2 0.559115 0.40787 0.0703125 0.0824074
2 0.245052 0.586574 0.0921875 0.115741
2 0.5375 0.339352 0.0677083 0.0935185
2 0.466406 0.501389 0.0640625 0.0898148
2 0.260156 0.233796 0.0828125 0.0916667
2 0.420052 0.275 0.0723958 0.0888889
2 0.285937 0.39537 0.0916667 0.101852
2 0.443229 0.426852 0.084375 0.0740741
2 0.613021 0.496296 0.110417 0.127778
2 0.551302 0.133333 0.0567708 0.0722222
2 0.460156 0.346759 0.0796875 0.075
