2 0.341667 0.52037 0.10625 0.151852
2 0.0364583 0.308333 0.0635417 0.103704
2 0.260417 0.312963 0.0833333 0.0648148
2 0.32474 0.48287 0.0817708 0.100926
2 0.529427 0.206019 0.0567708 0.0638889
2 0.357552 0.556019 0.0953125 0.113889
2 0.528906 0.259259 0.0598958 0.0685185
2 0.922917 0.0314815 0.0520833 0.062963
2 0.976302 0.0263889 0.0473958 0.0527778
2 0.861719 0.0361111 0.0557292 0.0666667
2 0.472917 0.158333 0.0635417 0.0740741
2 0.414323 0.19213 0.0536458 0.0805556
2 0.524479 0.510185 0.0614583 0.103704
2 0.257292 0.231944 0.0833333 0.0972222
2 0.556771 0.406019 0.0708333 0.0824074
2 0.242448 0.584259 0.0942708 0.112963
2 0.534375 0.336111 0.06875 0.0925926
2 0.415885 0.273148 0.0734375 0.0907407
2 0.464583 0.498148 0.0645833 0.0907407
2 0.281771 0.393056 0.0916667 0.10463
2 0.546615 0.131481 0.0598958 0.0722222
2 0.606771 0.490741 0.105208 0.122222
2 0.440625 0.424074 0.084375 0.0740741
2 0.458073 0.344444 0.0786458 0.0740741
