2 0.529427 0.211574 0.0578125 0.075
2 0.263281 0.313889 0.0880208 0.0685185
2 0.0401042 0.3125 0.0666667 0.100926
2 0.923958 0.0310185 0.0520833 0.062037
2 0.529688 0.250926 0.059375 0.0851852
2 0.326823 0.484722 0.0828125 0.10463
2 0.861458 0.0361111 0.0572917 0.0666667
2 0.976823 0.0259259 0.0463542 0.0518519
2 0.361458 0.559722 0.090625 0.108333
2 0.526042 0.510185 0.0614583 0.103704
2 0.473958 0.156481 0.0614583 0.0759259
2 0.414062 0.192593 0.053125 0.0851852
2 0.557813 0.406481 0.0708333 0.0833333
2 0.535677 0.336574 0.0682292 0.0935185
2 0.24349 0.586111 0.0942708 0.116667
2 0.465625 0.498611 0.0645833 0.0898148
2 0.416406 0.274074 0.0734375 0.0888889
2 0.608333 0.490741 0.103125 0.12037
2 0.257552 0.231481 0.0848958 0.0944444
2 0.547135 0.131481 0.0609375 0.0722222
2 0.283073 0.393981 0.0901042 0.100926
2 0.441927 0.424074 0.0838542 0.0759259
2 0.458594 0.344444 0.0796875 0.0740741
