2 0.265885 0.314352 0.0880208 0.0675926
2 0.326562 0.4875 0.084375 0.102778
2 0.0375 0.316204 0.0614583 0.100926
2 0.923437 0.0314815 0.0520833 0.062963
2 0.529948 0.205093 0.0567708 0.0601852
2 0.529167 0.263889 0.0604167 0.0666667
2 0.358333 0.562037 0.0958333 0.112963
2 0.976562 0.0259259 0.046875 0.0518519
2 0.86224 0.037037 0.0557292 0.0666667
2 0.414844 0.193056 0.0515625 0.0768519
2 0.472656 0.158333 0.0671875 0.0722222
2 0.526302 0.512963 0.0619792 0.101852
2 0.558073 0.408796 0.0713542 0.0824074
2 0.535677 0.339815 0.0682292 0.0925926
2 0.24401 0.588889 0.0921875 0.116667
2 0.417448 0.275926 0.0734375 0.0907407
2 0.465104 0.501389 0.0645833 0.0916667
2 0.548958 0.131944 0.0572917 0.0731481
2 0.611979 0.495833 0.108333 0.125
2 0.258073 0.233796 0.0838542 0.0935185
2 0.282813 0.394907 0.0927083 0.102778
2 0.441667 0.426389 0.0833333 0.075
2 0.458594 0.346296 0.0786458 0.0740741
