2 0.0132813 0.707407 0.0265625 0.203704
2 0.263021 0.322222 0.0864583 0.0685185
2 0.528646 0.215278 0.0583333 0.075
2 0.327865 0.490741 0.0880208 0.0962963
2 0.528125 0.263889 0.0625 0.0759259
2 0.358073 0.568981 0.104687 0.119444
2 0.922135 0.0310185 0.0526042 0.062037
2 0.0354167 0.325463 0.0541667 0.102778
2 0.976042 0.025463 0.0479167 0.0509259
2 0.860937 0.037037 0.05625 0.0666667
2 0.47474 0.164352 0.0609375 0.075
2 0.414323 0.197685 0.0526042 0.0805556
2 0.558333 0.413426 0.0697917 0.0805556
2 0.526042 0.520833 0.0604167 0.10463
2 0.257292 0.243056 0.0822917 0.0916667
2 0.546354 0.137037 0.0604167 0.0740741
2 0.536198 0.345833 0.0671875 0.0953704
2 0.245312 0.602315 0.0916667 0.123148
2 0.467187 0.511111 0.0645833 0.0925926
2 0.417188 0.281481 0.0739583 0.0944444
2 0.282031 0.402315 0.0942708 0.102778
2 0.611719 0.502778 0.113021 0.131481
2 0.442448 0.434259 0.0838542 0.0777778
2 0.459635 0.353704 0.0786458 0.0759259
