2 0.259635 0.352315 0.0692708 0.0731481
2 0.0184896 0.714815 0.0369792 0.205556
2 0.0419271 0.353704 0.0588542 0.109259
2 0.864844 0.0375 0.0546875 0.0675926
2 0.535677 0.219444 0.0536458 0.0666667
2 0.928125 0.0310185 0.0520833 0.0601852
2 0.421875 0.2125 0.0552083 0.0824074
2 0.536979 0.281019 0.0614583 0.0694444
2 0.977865 0.0240741 0.0442708 0.0481481
2 0.538021 0.531944 0.0614583 0.10463
2 0.550781 0.148148 0.0588542 0.0722222
2 0.479688 0.180093 0.0583333 0.0787037
2 0.265365 0.262963 0.0869792 0.0981481
2 0.565885 0.425 0.0703125 0.087037
2 0.621094 0.511574 0.111979 0.126852
2 0.54349 0.357407 0.0671875 0.0944444
2 0.477344 0.525926 0.0671875 0.0907407
2 0.451042 0.448148 0.0833333 0.0777778
2 0.466406 0.368981 0.0807292 0.075
2 0.292969 0.420833 0.0921875 0.106481
2 0.423438 0.299537 0.0729167 0.0916667
2 0.25625 0.621759 0.0854167 0.117593
2 0.357552 0.561111 0.117188 0.166667
