2 0.347917 0.527778 0.08125 0.101852
2 0.0234375 0.715741 0.046875 0.192593
2 0.87526 0.0407407 0.0557292 0.0703704
2 0.545573 0.239352 0.0515625 0.0694444
2 0.0609375 0.373148 0.059375 0.103704
2 0.288802 0.360648 0.0838542 0.0694444
2 0.372396 0.583796 0.109375 0.141667
2 0.546094 0.294444 0.0588542 0.0648148
2 0.277083 0.27963 0.0833333 0.0925926
2 0.545313 0.54537 0.0572917 0.107407
2 0.430208 0.224537 0.053125 0.0768519
2 0.553646 0.368981 0.0666667 0.0972222
2 0.576823 0.436574 0.0703125 0.0861111
2 0.4875 0.534722 0.0645833 0.0916667
2 0.48776 0.191204 0.0619792 0.0768519
2 0.26849 0.634722 0.0890625 0.117593
2 0.629948 0.523148 0.105729 0.131481
2 0.561198 0.161574 0.0546875 0.0694444
2 0.302083 0.439815 0.0916667 0.105556
2 0.459375 0.462037 0.0802083 0.0740741
2 0.477344 0.381944 0.0765625 0.0731481
2 0.433594 0.309722 0.0734375 0.0916667
