2 0.336198 0.480556 0.0953125 0.127778
2 0.0364583 0.303704 0.0583333 0.105556
2 0.0151042 0.67037 0.0302083 0.190741
2 0.353906 0.525 0.117188 0.133333
2 0.413802 0.17037 0.0505208 0.0833333
2 0.529688 0.485648 0.0614583 0.10463
2 0.474219 0.131481 0.0609375 0.0759259
2 0.530729 0.20463 0.059375 0.114815
2 0.547656 0.099537 0.0588542 0.0694444
2 0.559115 0.375 0.0692708 0.0833333
2 0.260156 0.216667 0.0838542 0.1
2 0.286979 0.371759 0.0895833 0.106481
2 0.469531 0.475926 0.0651042 0.0888889
2 0.611719 0.465278 0.113021 0.134259
2 0.538281 0.309722 0.0682292 0.0953704
2 0.247396 0.572685 0.0895833 0.121296
2 0.417188 0.248148 0.0770833 0.0962963
2 0.444531 0.400463 0.0817708 0.0768519
2 0.460417 0.320833 0.0791667 0.0768519
