2 0.988802 0.0351852 0.0223958 0.0648148
2 0.36875 0.560185 0.111458 0.137037
2 0.288802 0.369444 0.0807292 0.0648148
2 0.0674479 0.378704 0.0526042 0.105556
2 0.383333 0.605556 0.10625 0.112963
2 0.0273438 0.72963 0.0546875 0.161111
2 0.553385 0.246296 0.0546875 0.062963
2 0.554167 0.304167 0.059375 0.0638889
2 0.4375 0.241667 0.05 0.0777778
2 0.552604 0.552778 0.0604167 0.105556
2 0.49375 0.203241 0.0666667 0.0731481
2 0.492188 0.544444 0.0635417 0.0888889
2 0.583854 0.446759 0.06875 0.0842593
2 0.559896 0.37963 0.0666667 0.0962963
2 0.274219 0.641204 0.0880208 0.115741
2 0.441146 0.323148 0.0729167 0.0925926
2 0.31224 0.443519 0.0880208 0.103704
2 0.284375 0.289352 0.0802083 0.087963
2 0.639323 0.5375 0.113021 0.134259
2 0.468229 0.472222 0.0822917 0.0740741
2 0.569531 0.173148 0.0567708 0.0722222
2 0.483333 0.391204 0.078125 0.075
