2 0.891146 0.0796296 0.0541667 0.0592593
2 0.928646 0.0287037 0.0583333 0.0555556
2 0.289844 0.366667 0.0786458 0.0666667
2 0.0229167 0.708333 0.0458333 0.203704
2 0.0697917 0.369444 0.05625 0.0981481
2 0.353906 0.533796 0.0859375 0.0990741
2 0.442969 0.24213 0.0515625 0.075
2 0.555208 0.312037 0.0604167 0.0666667
2 0.55599 0.251389 0.0557292 0.062037
2 0.38776 0.608796 0.0921875 0.10463
2 0.501302 0.211111 0.0609375 0.0703704
2 0.551823 0.559722 0.0609375 0.100926
2 0.584635 0.456019 0.0703125 0.0805556
2 0.271875 0.633333 0.090625 0.116667
2 0.28776 0.2875 0.0817708 0.087963
2 0.56276 0.3875 0.0661458 0.0953704
2 0.574479 0.181481 0.0604167 0.0703704
2 0.313021 0.441667 0.0885417 0.101852
2 0.444531 0.325463 0.0744792 0.0898148
2 0.493229 0.548148 0.065625 0.0907407
2 0.63724 0.544907 0.114063 0.130556
2 0.467708 0.473611 0.0802083 0.0731481
2 0.486458 0.39537 0.0791667 0.0740741
