2 0.875 0.0305556 0.0416667 0.0592593
2 0.286198 0.348148 0.0817708 0.0648148
2 0.932031 0.0305556 0.0578125 0.0592593
2 0.345313 0.514815 0.0854167 0.0981481
2 0.0179687 0.685185 0.0359375 0.209259
2 0.891667 0.0833333 0.0541667 0.062963
2 0.372396 0.581019 0.103125 0.130556
2 0.0614583 0.335185 0.0552083 0.107407
2 0.553906 0.247222 0.0567708 0.0703704
2 0.554167 0.3 0.059375 0.0648148
2 0.438802 0.228241 0.0536458 0.075
2 0.498958 0.197222 0.0635417 0.0722222
2 0.544271 0.550463 0.0572917 0.0990741
2 0.578646 0.446296 0.0708333 0.0814815
2 0.63125 0.533796 0.108333 0.123148
2 0.486198 0.534722 0.0651042 0.087963
2 0.557552 0.375926 0.0682292 0.0888889
2 0.263802 0.6125 0.0890625 0.108333
2 0.282552 0.266204 0.0828125 0.0953704
2 0.439844 0.30787 0.0723958 0.0916667
2 0.46224 0.459722 0.0828125 0.0731481
2 0.573958 0.172222 0.0583333 0.0703704
2 0.306771 0.421296 0.090625 0.103704
2 0.48125 0.38287 0.078125 0.0731481
