2 0.870313 0.0291667 0.0427083 0.0583333
2 0.885417 0.0791667 0.0541667 0.0546296
2 0.0138021 0.673148 0.0276042 0.196296
2 0.926823 0.0305556 0.0609375 0.0592593
2 0.336198 0.493519 0.0838542 0.0907407
2 0.545833 0.274537 0.059375 0.0824074
2 0.284896 0.321759 0.0885417 0.0675926
2 0.432552 0.209259 0.0557292 0.0759259
2 0.360938 0.568056 0.111458 0.117593
2 0.0565104 0.311574 0.0661458 0.0990741
2 0.535417 0.535185 0.0583333 0.0962963
2 0.472396 0.366667 0.078125 0.0740741
2 0.250781 0.593518 0.0880208 0.118519
2 0.551302 0.360185 0.0723958 0.0888889
2 0.570312 0.431944 0.071875 0.0824074
2 0.492708 0.180093 0.0604167 0.0787037
2 0.27474 0.245833 0.0848958 0.0842593
2 0.476562 0.52037 0.0666667 0.0851852
2 0.43125 0.291667 0.0770833 0.087037
2 0.453646 0.443056 0.08125 0.0768519
2 0.621354 0.521296 0.1125 0.124074
2 0.565885 0.156481 0.0546875 0.0703704
2 0.294792 0.402315 0.0885417 0.100926
