2 0.863021 0.025463 0.0458333 0.0490741
2 0.342708 0.517593 0.108333 0.15
2 0.540104 0.216667 0.0552083 0.0685185
2 0.426302 0.19537 0.0536458 0.0722222
2 0.942448 0.0634259 0.0494792 0.0601852
2 0.329427 0.485185 0.0838542 0.0981481
2 0.877865 0.0680556 0.0526042 0.0583333
2 0.27526 0.306944 0.0921875 0.0657407
2 0.985417 0.0458333 0.0291667 0.075
2 0.355729 0.560185 0.104167 0.116667
2 0.539062 0.273611 0.0625 0.0694444
2 0.916406 0.0263889 0.0578125 0.0527778
2 0.040625 0.291667 0.0604167 0.107407
2 0.263802 0.227315 0.0796875 0.0935185
2 0.425 0.280556 0.075 0.0925926
2 0.527604 0.525 0.0625 0.101852
2 0.485677 0.168981 0.0630208 0.0731481
2 0.561198 0.419444 0.0703125 0.0796296
2 0.54349 0.350926 0.0703125 0.0888889
2 0.558594 0.14213 0.0578125 0.0712963
2 0.241927 0.583333 0.0963542 0.116667
2 0.2875 0.388889 0.0895833 0.101852
2 0.467969 0.508796 0.0682292 0.0898148
2 0.6125 0.511111 0.115625 0.122222
2 0.446354 0.433796 0.084375 0.0768519
2 0.464583 0.355093 0.0802083 0.075
