2 0.916667 0.0194444 0.0541667 0.0388889
2 0.261979 0.298148 0.0822917 0.0666667
2 0.32474 0.475463 0.0859375 0.100926
2 0.938542 0.0472222 0.0510417 0.0648148
2 0.874479 0.0476852 0.0520833 0.0712963
2 0.0380208 0.280556 0.0583333 0.1
2 0.535677 0.261574 0.0619792 0.0657407
2 0.349219 0.536111 0.113021 0.142593
2 0.983854 0.0375 0.0322917 0.0675926
2 0.5375 0.202315 0.05625 0.0601852
2 0.420833 0.187037 0.0541667 0.0851852
2 0.526563 0.511111 0.0625 0.1
2 0.2625 0.218981 0.0833333 0.0935185
2 0.561198 0.408796 0.0713542 0.0805556
2 0.540625 0.339352 0.0697917 0.0916667
2 0.482812 0.156481 0.0614583 0.0759259
2 0.467187 0.497222 0.065625 0.087037
2 0.421875 0.266667 0.0770833 0.0925926
2 0.240885 0.574537 0.0911458 0.117593
2 0.44401 0.421296 0.0848958 0.0722222
2 0.283333 0.377315 0.090625 0.106481
2 0.6125 0.500926 0.114583 0.125926
2 0.555729 0.130093 0.059375 0.0731481
2 0.461458 0.341667 0.0802083 0.0740741
