2 0.333073 0.474074 0.0869792 0.107407
2 0.279687 0.288426 0.09375 0.062037
2 0.880469 0.0342593 0.0588542 0.0611111
2 0.945573 0.0291667 0.0494792 0.0583333
2 0.0382813 0.271759 0.0567708 0.112037
2 0.540365 0.189815 0.0578125 0.0648148
2 0.985677 0.025 0.0286458 0.05
2 0.423438 0.173611 0.0520833 0.0805556
2 0.539844 0.25 0.0630208 0.062963
2 0.354427 0.526389 0.116146 0.14537
2 0.480729 0.140741 0.0708333 0.0759259
2 0.533073 0.505093 0.0619792 0.102778
2 0.447656 0.414352 0.0880208 0.0805556
2 0.567187 0.400463 0.0729167 0.0861111
2 0.545833 0.327778 0.0708333 0.0925926
2 0.288802 0.371296 0.0921875 0.103704
2 0.266406 0.210185 0.0838542 0.0962963
2 0.474479 0.487963 0.0677083 0.0888889
2 0.617188 0.490278 0.11875 0.128704
2 0.247656 0.568981 0.0911458 0.119444
2 0.425521 0.257407 0.0760417 0.0944444
2 0.559896 0.116204 0.0572917 0.0712963
2 0.466667 0.333796 0.08125 0.075
