2 0.55026 0.18287 0.0557292 0.0657407
2 0.291146 0.291667 0.0895833 0.062963
2 0.0179687 0.664815 0.0359375 0.225926
2 0.430469 0.178704 0.0536458 0.0777778
2 0.549219 0.244444 0.0651042 0.0666667
2 0.36276 0.523148 0.117188 0.157407
2 0.491406 0.138426 0.0640625 0.0768519
2 0.543229 0.502778 0.0614583 0.107407
2 0.458073 0.412037 0.0859375 0.0796296
2 0.275521 0.212963 0.084375 0.0962963
2 0.632292 0.487037 0.1125 0.131481
2 0.297917 0.375 0.090625 0.107407
2 0.433333 0.256944 0.0760417 0.0935185
2 0.577344 0.39537 0.0723958 0.0888889
2 0.553906 0.325463 0.0703125 0.0953704
2 0.483333 0.4875 0.0677083 0.0935185
2 0.260677 0.574074 0.0890625 0.12037
2 0.476042 0.332407 0.0802083 0.0740741
2 0.566667 0.109259 0.0572917 0.0722222
