2 0.292188 0.301389 0.0854167 0.062037
2 0.0226563 0.665278 0.0453125 0.225
2 0.439583 0.177778 0.0541667 0.0777778
2 0.555469 0.181019 0.0567708 0.0694444
2 0.557031 0.244907 0.0630208 0.0638889
2 0.551042 0.502778 0.0614583 0.105556
2 0.373958 0.531944 0.113542 0.14537
2 0.30599 0.380556 0.0911458 0.112963
2 0.574479 0.104167 0.0604167 0.0731481
2 0.496615 0.136574 0.0692708 0.0768519
2 0.440104 0.258796 0.078125 0.0935185
2 0.584896 0.394444 0.0697917 0.0851852
2 0.269531 0.581019 0.0911458 0.121296
2 0.638281 0.483333 0.117188 0.12963
2 0.561979 0.322685 0.06875 0.0953704
2 0.464844 0.413426 0.0817708 0.0768519
2 0.280729 0.219907 0.08125 0.0953704
2 0.492708 0.4875 0.0666667 0.0898148
2 0.483594 0.333796 0.0796875 0.0731481
