2 0.292448 0.306481 0.0848958 0.0611111
2 0.0229167 0.668519 0.0458333 0.205556
2 0.557552 0.178241 0.0557292 0.0675926
2 0.440885 0.177315 0.0536458 0.0824074
2 0.558854 0.244444 0.0635417 0.0648148
2 0.376042 0.536574 0.114583 0.143519
2 0.554427 0.500926 0.0609375 0.107407
2 0.499219 0.137037 0.0640625 0.0777778
2 0.576042 0.102315 0.0614583 0.0768519
2 0.307813 0.384722 0.0895833 0.112037
2 0.588021 0.393056 0.06875 0.0861111
2 0.271615 0.582407 0.0932292 0.116667
2 0.641927 0.482407 0.115104 0.12963
2 0.563802 0.322685 0.0692708 0.0972222
2 0.283333 0.226389 0.0802083 0.0935185
2 0.467448 0.416667 0.0869792 0.0777778
2 0.441667 0.262037 0.0791667 0.0925926
2 0.494531 0.488889 0.0671875 0.087037
2 0.484375 0.334259 0.0802083 0.0722222
