2 0.263021 0.303241 0.0854167 0.0675926
2 0.0143229 0.674074 0.0286458 0.201852
2 0.33099 0.469907 0.0817708 0.10463
2 0.53099 0.207407 0.0588542 0.112963
2 0.355208 0.530093 0.116667 0.130556
2 0.529427 0.490278 0.0598958 0.102778
2 0.416406 0.173611 0.0546875 0.0898148
2 0.559375 0.378704 0.0729167 0.0833333
2 0.475521 0.135185 0.0614583 0.0777778
2 0.260417 0.218981 0.0864583 0.0972222
2 0.539844 0.312037 0.0713542 0.0925926
2 0.28724 0.375463 0.0921875 0.10463
2 0.548698 0.105093 0.0588542 0.0694444
2 0.248177 0.576389 0.0901042 0.119444
2 0.41849 0.255093 0.0765625 0.0916667
2 0.44401 0.405556 0.0838542 0.0777778
2 0.470833 0.481481 0.0666667 0.087037
2 0.613281 0.471296 0.118229 0.133333
2 0.460938 0.326389 0.08125 0.0768519
