2 0.354948 0.486111 0.0828125 0.103704
2 0.294271 0.311111 0.0854167 0.0666667
2 0.0263021 0.692593 0.0526042 0.188889
2 0.558854 0.175463 0.0552083 0.0694444
2 0.440885 0.1875 0.0557292 0.0824074
2 0.3875 0.5625 0.102083 0.113889
2 0.575521 0.0976852 0.0614583 0.075
2 0.559375 0.244444 0.0635417 0.0666667
2 0.55625 0.50463 0.0625 0.103704
2 0.498698 0.136111 0.0640625 0.0777778
2 0.309375 0.393981 0.090625 0.106481
2 0.644531 0.486111 0.114063 0.12963
2 0.283333 0.230093 0.0802083 0.0935185
2 0.589323 0.398148 0.0671875 0.0907407
2 0.273438 0.593056 0.0916667 0.121296
2 0.564844 0.325926 0.0682292 0.0981481
2 0.496615 0.494444 0.0682292 0.0888889
2 0.442187 0.264815 0.0791667 0.0907407
2 0.46875 0.419907 0.0864583 0.0787037
2 0.485156 0.335648 0.0817708 0.075
