2 0.561198 0.185185 0.0578125 0.0703704
2 0.445052 0.1875 0.0557292 0.0805556
2 0.294531 0.316667 0.0921875 0.0722222
2 0.561979 0.248148 0.0645833 0.0685185
2 0.0276042 0.697685 0.0552083 0.189815
2 0.38724 0.561574 0.108854 0.121296
2 0.501823 0.141204 0.0671875 0.0787037
2 0.558073 0.511574 0.0609375 0.100926
2 0.499219 0.496759 0.0671875 0.0861111
2 0.446094 0.269907 0.0765625 0.0935185
2 0.577604 0.105556 0.0604167 0.0759259
2 0.569531 0.331019 0.0713542 0.0953704
2 0.284115 0.2375 0.0807292 0.0898148
2 0.314063 0.399074 0.0895833 0.101852
2 0.645052 0.490741 0.121354 0.131481
2 0.592708 0.402778 0.0739583 0.0888889
2 0.277604 0.596759 0.0885417 0.121296
2 0.471094 0.424537 0.0838542 0.0768519
2 0.488802 0.341204 0.0817708 0.075
