2 0.296875 0.310648 0.08125 0.0657407
2 0.447396 0.170833 0.0541667 0.0787037
2 0.0278646 0.691204 0.0557292 0.167593
2 0.563281 0.239815 0.0619792 0.0685185
2 0.565365 0.170833 0.0557292 0.0675926
2 0.380469 0.538426 0.117188 0.143519
2 0.314583 0.390278 0.090625 0.10463
2 0.504427 0.12963 0.0630208 0.0814815
2 0.561458 0.500926 0.0604167 0.103704
2 0.648438 0.482407 0.116667 0.12963
2 0.472656 0.415741 0.0838542 0.0796296
2 0.570573 0.321759 0.0682292 0.0953704
2 0.2875 0.231019 0.0802083 0.0916667
2 0.448177 0.259722 0.0755208 0.0953704
2 0.278646 0.586111 0.0895833 0.116667
2 0.501562 0.487963 0.0666667 0.0888889
2 0.594271 0.393056 0.0708333 0.087963
2 0.579427 0.0949074 0.0598958 0.075
2 0.490885 0.333333 0.0817708 0.0740741
