2 0.296875 0.303704 0.084375 0.0611111
2 0.0268229 0.684259 0.0536458 0.166667
2 0.448177 0.161111 0.0557292 0.0888889
2 0.475521 0.409259 0.0864583 0.0814815
2 0.567187 0.160185 0.05625 0.0666667
2 0.565365 0.231019 0.0661458 0.0731481
2 0.563802 0.494907 0.0630208 0.102778
2 0.507812 0.119444 0.0635417 0.0796296
2 0.288542 0.222685 0.0833333 0.0916667
2 0.38125 0.53287 0.119792 0.149074
2 0.314844 0.385185 0.0901042 0.107407
2 0.572396 0.314815 0.0708333 0.0981481
2 0.651042 0.477778 0.111458 0.127778
2 0.447656 0.253704 0.0776042 0.0925926
2 0.503125 0.483796 0.0666667 0.0898148
2 0.491406 0.325926 0.0848958 0.0777778
2 0.278646 0.58287 0.090625 0.121296
2 0.595573 0.387963 0.0734375 0.0907407
2 0.582812 0.0828704 0.0614583 0.075
