2 0.303385 0.307407 0.0869792 0.0592593
2 0.448177 0.167593 0.0557292 0.087037
2 0.0265625 0.689352 0.053125 0.178704
2 0.568229 0.162037 0.05625 0.0703704
2 0.290885 0.226389 0.0848958 0.0953704
2 0.565885 0.231481 0.0640625 0.0759259
2 0.477604 0.414352 0.0864583 0.0805556
2 0.314063 0.385648 0.09375 0.110185
2 0.573177 0.318056 0.0703125 0.0990741
2 0.507552 0.119444 0.0651042 0.0814815
2 0.5625 0.5 0.0625 0.101852
2 0.650781 0.482407 0.113021 0.12963
2 0.448958 0.256481 0.0791667 0.0925926
2 0.380469 0.532407 0.119271 0.155556
2 0.277865 0.584722 0.0901042 0.121296
2 0.503385 0.485648 0.0671875 0.0898148
2 0.491927 0.328241 0.0848958 0.0768519
2 0.596094 0.391667 0.0734375 0.0925926
2 0.584896 0.0837963 0.0614583 0.0768519
