2 0.447656 0.220833 0.0661458 0.125
2 0.296094 0.305556 0.0859375 0.062963
2 0.0221354 0.671759 0.0442708 0.189815
2 0.448438 0.165278 0.0552083 0.087963
2 0.473958 0.4125 0.0864583 0.0787037
2 0.567708 0.162037 0.05625 0.0703704
2 0.566406 0.232407 0.0651042 0.0740741
2 0.313281 0.385648 0.0911458 0.106481
2 0.507552 0.118519 0.0661458 0.0796296
2 0.5625 0.499074 0.0625 0.101852
2 0.289062 0.222222 0.078125 0.0925926
2 0.573698 0.318056 0.0703125 0.0990741
2 0.379948 0.534722 0.117188 0.147222
2 0.649219 0.48287 0.110937 0.126852
2 0.447656 0.256944 0.0807292 0.0935185
2 0.276042 0.580556 0.0895833 0.12037
2 0.502083 0.485185 0.06875 0.087037
2 0.491927 0.327778 0.0838542 0.0777778
2 0.586719 0.0837963 0.0609375 0.0768519
2 0.596094 0.391204 0.0734375 0.0916667
