2 0.356771 0.458796 0.0854167 0.087963
2 0.0226563 0.664352 0.0453125 0.213889
2 0.447396 0.148611 0.0552083 0.0842593
2 0.38151 0.534259 0.115104 0.116667
2 0.567448 0.147685 0.0546875 0.0675926
2 0.558333 0.487963 0.0614583 0.103704
2 0.564062 0.221759 0.065625 0.0694444
2 0.286458 0.208333 0.0833333 0.0944444
2 0.498437 0.472685 0.0677083 0.0861111
2 0.508594 0.109722 0.0630208 0.0861111
2 0.644792 0.475 0.120833 0.127778
2 0.310677 0.374537 0.0869792 0.108333
2 0.59375 0.380556 0.0760417 0.087037
2 0.272396 0.568056 0.0927083 0.123148
2 0.471615 0.398611 0.0838542 0.0805556
2 0.570573 0.308333 0.0703125 0.0981481
2 0.446094 0.24213 0.0817708 0.0935185
2 0.490625 0.314352 0.08125 0.0768519
2 0.585938 0.0694444 0.0583333 0.0777778
