2 0.0658854 0.239815 0.0651042 0.124074
2 0.290625 0.270833 0.0979167 0.0731481
2 0.0210938 0.661574 0.0421875 0.217593
2 0.564323 0.205093 0.0651042 0.075
2 0.375781 0.505556 0.119271 0.15
2 0.566406 0.137963 0.0567708 0.0740741
2 0.28151 0.191204 0.0817708 0.0935185
2 0.444792 0.136111 0.0541667 0.1
2 0.555208 0.478704 0.0625 0.101852
2 0.495313 0.460185 0.06875 0.0925926
2 0.447396 0.228704 0.0791667 0.0944444
2 0.309375 0.361111 0.0864583 0.109259
2 0.509896 0.0944444 0.0572917 0.0833333
2 0.569531 0.297685 0.0723958 0.0990741
2 0.640365 0.465278 0.115104 0.126852
2 0.470313 0.3875 0.084375 0.0768519
2 0.591667 0.37037 0.0760417 0.0888889
2 0.269531 0.55463 0.0921875 0.12037
2 0.584115 0.0541667 0.0640625 0.0768519
2 0.486979 0.302315 0.078125 0.0768519
