2 0.444792 0.159722 0.065625 0.117593
2 0.0195312 0.626389 0.0390625 0.215741
2 0.444792 0.120833 0.05625 0.087963
2 0.286719 0.18287 0.0901042 0.121296
2 0.566667 0.118519 0.0572917 0.0685185
2 0.507031 0.075463 0.0640625 0.0824074
2 0.302865 0.341204 0.0953125 0.113889
2 0.555469 0.458333 0.0640625 0.101852
2 0.372656 0.487037 0.119271 0.153704
2 0.563281 0.1875 0.0651042 0.075
2 0.469531 0.372685 0.0921875 0.0805556
2 0.495313 0.444444 0.0708333 0.087037
2 0.266927 0.534722 0.0911458 0.115741
2 0.642187 0.447222 0.117708 0.125926
2 0.592188 0.355556 0.075 0.0888889
2 0.444531 0.212963 0.0786458 0.0944444
2 0.586198 0.0398148 0.0630208 0.0759259
2 0.568229 0.282407 0.0729167 0.1
2 0.486719 0.286574 0.0817708 0.075
