2 0.0164062 0.624074 0.0328125 0.224074
2 0.29401 0.232407 0.0984375 0.0685185
2 0.282031 0.160648 0.0890625 0.0972222
2 0.443229 0.0976852 0.0541667 0.0953704
2 0.508594 0.0537037 0.0609375 0.0833333
2 0.551823 0.446759 0.0619792 0.100926
2 0.564062 0.172222 0.0635417 0.0722222
2 0.566146 0.0981481 0.0583333 0.0703704
2 0.492969 0.43287 0.0671875 0.0842593
2 0.302083 0.32963 0.0885417 0.111111
2 0.36875 0.472685 0.122917 0.160185
2 0.588281 0.0277778 0.0609375 0.0555556
2 0.590104 0.34213 0.0760417 0.0916667
2 0.44375 0.193519 0.08125 0.0962963
2 0.638802 0.438889 0.114063 0.127778
2 0.467708 0.356019 0.0875 0.0805556
2 0.263281 0.519444 0.0890625 0.114815
2 0.566927 0.268981 0.0703125 0.100926
2 0.486458 0.27037 0.08125 0.0814815
