2 0.263281 0.305093 0.0848958 0.0657407
2 0.332031 0.475926 0.0848958 0.111111
2 0.0145833 0.674074 0.0291667 0.198148
2 0.531771 0.179167 0.05625 0.0694444
2 0.532031 0.238426 0.0619792 0.0712963
2 0.353646 0.528704 0.116667 0.140741
2 0.529167 0.490741 0.059375 0.107407
2 0.559635 0.380093 0.0703125 0.0824074
2 0.416406 0.173148 0.0546875 0.0888889
2 0.260156 0.220833 0.0859375 0.0972222
2 0.539323 0.313889 0.0692708 0.0907407
2 0.476562 0.137037 0.0604167 0.0814815
2 0.286198 0.375926 0.0921875 0.107407
2 0.247656 0.578704 0.0901042 0.12037
2 0.548698 0.10787 0.0567708 0.0694444
2 0.44375 0.406481 0.0822917 0.0777778
2 0.418229 0.256944 0.0770833 0.0916667
2 0.613281 0.474074 0.117188 0.135185
2 0.470313 0.482407 0.065625 0.087037
2 0.461198 0.327778 0.0796875 0.0759259
