2 0.0148437 0.630556 0.0296875 0.233333
2 0.289323 0.231481 0.100521 0.0722222
2 0.441406 0.0967593 0.0557292 0.0972222
2 0.277344 0.153704 0.0838542 0.0962963
2 0.55 0.448148 0.0614583 0.1
2 0.30026 0.328241 0.0859375 0.112037
2 0.507031 0.0518519 0.0609375 0.0833333
2 0.566146 0.0976852 0.059375 0.0712963
2 0.563021 0.172685 0.0635417 0.0712963
2 0.365885 0.473148 0.120312 0.161111
2 0.584635 0.0282407 0.0630208 0.0564815
2 0.490885 0.431481 0.0671875 0.0833333
2 0.638542 0.441667 0.116667 0.127778
2 0.58724 0.343519 0.0765625 0.0888889
2 0.441927 0.193519 0.0817708 0.0962963
2 0.465104 0.357407 0.0864583 0.0814815
2 0.565365 0.267593 0.0713542 0.1
2 0.260156 0.518056 0.0901042 0.115741
2 0.484635 0.270833 0.0807292 0.0805556
