2 0.0132813 0.628704 0.0265625 0.225926
2 0.289062 0.225 0.09375 0.0703704
2 0.270573 0.139352 0.0713542 0.0990741
2 0.439063 0.0893519 0.05625 0.0953704
2 0.367188 0.479167 0.113542 0.134259
2 0.564583 0.0893519 0.0572917 0.0712963
2 0.505469 0.0439815 0.0651042 0.0842593
2 0.561979 0.165741 0.0645833 0.0740741
2 0.4875 0.426852 0.06875 0.0888889
2 0.585677 0.0240741 0.0630208 0.0481481
2 0.548437 0.444907 0.0614583 0.102778
2 0.295052 0.316204 0.0880208 0.119444
2 0.440104 0.183333 0.078125 0.0981481
2 0.564583 0.261111 0.071875 0.1
2 0.584115 0.3375 0.0765625 0.087963
2 0.464323 0.35 0.0911458 0.0833333
2 0.633333 0.437963 0.111458 0.131481
2 0.256771 0.515278 0.09375 0.121296
2 0.483073 0.263426 0.0828125 0.0824074
