2 0.0135417 0.625 0.0270833 0.218519
2 0.0429688 0.146296 0.0734375 0.161111
2 0.289844 0.222222 0.0932292 0.0703704
2 0.440885 0.0833333 0.0567708 0.0962963
2 0.367708 0.469907 0.11875 0.147222
2 0.271094 0.134722 0.0744792 0.100926
2 0.548698 0.442593 0.0619792 0.1
2 0.566927 0.0837963 0.0578125 0.0694444
2 0.588802 0.0217593 0.0630208 0.0435185
2 0.563542 0.159722 0.065625 0.0787037
2 0.490625 0.424074 0.0677083 0.0925926
2 0.296354 0.313426 0.0864583 0.119444
2 0.505208 0.0412037 0.0666667 0.0805556
2 0.566667 0.257407 0.0729167 0.101852
2 0.588281 0.335185 0.0796875 0.0907407
2 0.636979 0.434259 0.116667 0.127778
2 0.441406 0.178704 0.0807292 0.1
2 0.465104 0.347685 0.0895833 0.0824074
2 0.258854 0.5125 0.0927083 0.121296
2 0.484115 0.260185 0.0817708 0.0814815
