2 0.0135417 0.623148 0.0270833 0.214815
2 0.289583 0.214815 0.0958333 0.0685185
2 0.0450521 0.1375 0.0734375 0.150926
2 0.27526 0.134259 0.0786458 0.103704
2 0.44349 0.0939815 0.0567708 0.0694444
2 0.342708 0.401852 0.0875 0.1
2 0.379167 0.481944 0.0979167 0.113889
2 0.504687 0.0375 0.0729167 0.0712963
2 0.591667 0.0194444 0.0614583 0.0388889
2 0.298698 0.30787 0.0880208 0.115741
2 0.569531 0.0810185 0.0598958 0.0694444
2 0.564844 0.156481 0.0661458 0.0740741
2 0.551823 0.435185 0.0640625 0.103704
2 0.6375 0.428241 0.110417 0.126852
2 0.567708 0.252778 0.075 0.101852
2 0.465885 0.339815 0.0869792 0.0796296
2 0.442969 0.175463 0.0817708 0.0972222
2 0.492448 0.416667 0.0682292 0.0925926
2 0.591146 0.32963 0.078125 0.087037
2 0.258073 0.506481 0.0942708 0.125926
2 0.484115 0.255093 0.0828125 0.0805556
