2 0.0526042 0.148611 0.065625 0.121296
2 0.290104 0.198611 0.101042 0.0731481
2 0.591406 0.0143519 0.0598958 0.0287037
2 0.442708 0.0675926 0.0572917 0.0981481
2 0.275521 0.119907 0.0822917 0.100926
2 0.364844 0.459259 0.121354 0.153704
2 0.50599 0.0333333 0.0703125 0.0666667
2 0.569531 0.0699074 0.0598958 0.0731481
2 0.565365 0.145833 0.0661458 0.0787037
2 0.550781 0.432407 0.0651042 0.103704
2 0.296094 0.299074 0.0890625 0.118519
2 0.490625 0.412037 0.0697917 0.0907407
2 0.254687 0.501389 0.0927083 0.125
2 0.440885 0.165278 0.0838542 0.100926
2 0.638021 0.425926 0.1125 0.125926
2 0.590885 0.324537 0.0796875 0.0898148
2 0.464063 0.335648 0.0875 0.0805556
2 0.568229 0.247222 0.0760417 0.101852
2 0.483333 0.245833 0.084375 0.0787037
