2 0.0484375 0.131019 0.0666667 0.15463
2 0.286719 0.199537 0.0984375 0.0731481
2 0.594531 0.0162037 0.0588542 0.0324074
2 0.44349 0.0856481 0.0588542 0.0657407
2 0.50625 0.0319444 0.071875 0.0638889
2 0.274219 0.115741 0.0817708 0.0981481
2 0.363802 0.455556 0.120312 0.159259
2 0.565885 0.145833 0.0671875 0.0768519
2 0.570312 0.0717593 0.059375 0.0712963
2 0.253385 0.498148 0.0921875 0.12037
2 0.55026 0.433333 0.0640625 0.101852
2 0.294271 0.297222 0.090625 0.118519
2 0.441406 0.165278 0.0828125 0.100926
2 0.490365 0.411111 0.0682292 0.0888889
2 0.591406 0.325463 0.0786458 0.0898148
2 0.63776 0.426852 0.111979 0.127778
2 0.568229 0.247685 0.0739583 0.102778
2 0.464063 0.335185 0.0875 0.0796296
2 0.483594 0.24537 0.0848958 0.0777778
