2 0.342969 0.391667 0.0901042 0.0981481
2 0.0523437 0.122685 0.0661458 0.147222
2 0.28724 0.190278 0.102604 0.0824074
2 0.367969 0.460185 0.120312 0.146296
2 0.275781 0.110185 0.0838542 0.0981481
2 0.446875 0.0546296 0.0552083 0.1
2 0.571615 0.143056 0.0671875 0.0768519
2 0.51276 0.0310185 0.0703125 0.0601852
2 0.555729 0.430556 0.0625 0.103704
2 0.577344 0.0652778 0.0619792 0.0731481
2 0.596354 0.323611 0.0791667 0.0898148
2 0.495313 0.410648 0.0708333 0.0861111
2 0.297656 0.292593 0.0911458 0.118519
2 0.643229 0.425926 0.116667 0.12963
2 0.467187 0.330556 0.0875 0.0833333
2 0.444792 0.159259 0.0895833 0.103704
2 0.256771 0.494444 0.0916667 0.124074
2 0.573958 0.244444 0.075 0.103704
2 0.488802 0.242593 0.0848958 0.0814815
