2 0.345573 0.393519 0.0859375 0.101852
2 0.0552083 0.126389 0.065625 0.152778
2 0.377604 0.469444 0.1125 0.127778
2 0.452344 0.0541667 0.0536458 0.0972222
2 0.291406 0.194907 0.103646 0.0731481
2 0.501302 0.409722 0.0713542 0.0898148
2 0.514583 0.0296296 0.075 0.0574074
2 0.561198 0.43287 0.0651042 0.10463
2 0.277865 0.110648 0.0838542 0.0990741
2 0.581771 0.062037 0.0604167 0.0740741
2 0.602604 0.321296 0.0822917 0.0944444
2 0.576563 0.141204 0.0677083 0.0768519
2 0.648698 0.425926 0.110937 0.12963
2 0.448958 0.156944 0.0833333 0.108333
2 0.300781 0.294444 0.0890625 0.118519
2 0.259375 0.498611 0.0958333 0.121296
2 0.577865 0.241667 0.0755208 0.105556
2 0.470313 0.331019 0.0875 0.0842593
2 0.492969 0.24213 0.0890625 0.0824074
