2 0.0606771 0.146296 0.0671875 0.146296
2 0.293229 0.202778 0.101042 0.0777778
2 0.604948 0.0148148 0.0630208 0.0296296
2 0.452344 0.0703704 0.0578125 0.0944444
2 0.345573 0.4 0.0890625 0.0962963
2 0.280208 0.12037 0.08125 0.101852
2 0.3 0.305093 0.0916667 0.119444
2 0.382292 0.488426 0.104167 0.121296
2 0.514063 0.0319444 0.0760417 0.062037
2 0.561979 0.444444 0.0635417 0.1
2 0.583594 0.0708333 0.0609375 0.0731481
2 0.577083 0.149537 0.06875 0.0787037
2 0.501302 0.423611 0.0703125 0.087963
2 0.45 0.169444 0.0822917 0.107407
2 0.650521 0.438889 0.1125 0.131481
2 0.472135 0.344444 0.0848958 0.0851852
2 0.260156 0.512963 0.0921875 0.122222
2 0.578646 0.250926 0.0760417 0.105556
2 0.493229 0.252778 0.0864583 0.0833333
2 0.601562 0.332407 0.0791667 0.0944444
