2 0.0546875 0.155093 0.06875 0.158333
2 0.451562 0.0828704 0.05625 0.0824074
2 0.301042 0.319444 0.09375 0.118519
2 0.291146 0.224074 0.102083 0.0722222
2 0.275 0.130556 0.078125 0.103704
2 0.371875 0.481481 0.123958 0.164815
2 0.603125 0.0175926 0.0677083 0.0351852
2 0.583594 0.0773148 0.0598958 0.0694444
2 0.5125 0.0356481 0.078125 0.0694444
2 0.577344 0.157407 0.0671875 0.0777778
2 0.563281 0.454167 0.0630208 0.100926
2 0.449219 0.180093 0.0869792 0.10463
2 0.472135 0.355093 0.0869792 0.0861111
2 0.655469 0.446759 0.117188 0.132407
2 0.501562 0.435648 0.0708333 0.087963
2 0.578646 0.259259 0.075 0.107407
2 0.602865 0.34213 0.0765625 0.0935185
2 0.259115 0.528241 0.0901042 0.125
2 0.49375 0.262963 0.0895833 0.087037
