2 0.0364583 0.312963 0.0583333 0.111111
2 0.260938 0.308333 0.0802083 0.0648148
2 0.0143229 0.6875 0.0286458 0.200926
2 0.529688 0.183796 0.05625 0.0657407
2 0.328906 0.475 0.0838542 0.103704
2 0.35599 0.541204 0.113021 0.121296
2 0.53099 0.243056 0.0609375 0.0657407
2 0.527604 0.494907 0.059375 0.10463
2 0.415104 0.176852 0.053125 0.0851852
2 0.559635 0.384722 0.0703125 0.0805556
2 0.474479 0.137963 0.0635417 0.0796296
2 0.538802 0.317593 0.0682292 0.0925926
2 0.246354 0.581019 0.0895833 0.115741
2 0.259375 0.222685 0.0833333 0.0972222
2 0.286198 0.379167 0.0911458 0.106481
2 0.444271 0.409259 0.084375 0.0777778
2 0.549479 0.110648 0.0604167 0.0694444
2 0.417969 0.259259 0.0765625 0.0944444
2 0.611979 0.477315 0.116667 0.132407
2 0.469531 0.485185 0.0682292 0.087037
2 0.459635 0.331019 0.0796875 0.0731481
