2 0.29349 0.244444 0.100521 0.0759259
2 0.0651042 0.193519 0.0677083 0.148148
2 0.28125 0.161111 0.084375 0.103704
2 0.34974 0.443981 0.0880208 0.100926
2 0.451302 0.0893519 0.0578125 0.102778
2 0.388021 0.52963 0.0989583 0.116667
2 0.58099 0.176852 0.0703125 0.0777778
2 0.515625 0.0490741 0.071875 0.087037
2 0.300521 0.348611 0.0875 0.117593
2 0.582031 0.0967593 0.0640625 0.0787037
2 0.504427 0.458333 0.0692708 0.0944444
2 0.602865 0.0263889 0.0671875 0.0527778
2 0.565625 0.480093 0.0625 0.108333
2 0.47526 0.377315 0.0869792 0.0861111
2 0.45026 0.200926 0.0817708 0.112963
2 0.659635 0.468519 0.120312 0.135185
2 0.60651 0.361111 0.0828125 0.0981481
2 0.580208 0.28287 0.0729167 0.110185
2 0.26224 0.561111 0.0932292 0.124074
2 0.495573 0.284722 0.0890625 0.0824074
