2 0.0669271 0.223148 0.0744792 0.148148
2 0.278125 0.185648 0.0822917 0.102778
2 0.451302 0.135648 0.0609375 0.087963
2 0.291667 0.275 0.107292 0.0796296
2 0.389323 0.556019 0.0994792 0.121296
2 0.348437 0.477315 0.0885417 0.108333
2 0.584896 0.118519 0.0614583 0.0722222
2 0.517187 0.0768519 0.071875 0.087037
2 0.58099 0.197685 0.0692708 0.0787037
2 0.569271 0.502315 0.065625 0.110185
2 0.451042 0.227315 0.0822917 0.106481
2 0.302083 0.378241 0.090625 0.117593
2 0.583333 0.301389 0.0770833 0.106481
2 0.60651 0.384722 0.0817708 0.0990741
2 0.602083 0.037037 0.0677083 0.0740741
2 0.476302 0.402778 0.0869792 0.087037
2 0.506771 0.483333 0.0697917 0.0944444
2 0.661458 0.489352 0.116667 0.139815
2 0.26224 0.589815 0.0953125 0.124074
2 0.498698 0.308333 0.0890625 0.0851852
