2 0.291406 0.301389 0.0994792 0.0712963
2 0.35 0.490741 0.0895833 0.1
2 0.278125 0.208333 0.0854167 0.101852
2 0.389062 0.577778 0.10625 0.12037
2 0.585156 0.136111 0.0609375 0.0740741
2 0.452604 0.134722 0.059375 0.10463
2 0.571354 0.517593 0.0645833 0.107407
2 0.303125 0.398148 0.0875 0.118519
2 0.583073 0.216204 0.0713542 0.0805556
2 0.516406 0.0925926 0.0723958 0.0888889
2 0.508594 0.500463 0.0713542 0.0972222
2 0.665885 0.505093 0.130729 0.137963
2 0.479167 0.421296 0.090625 0.087037
2 0.498958 0.326852 0.0885417 0.0814815
2 0.604167 0.0490741 0.0677083 0.0833333
2 0.263542 0.60787 0.0927083 0.119444
2 0.611719 0.402315 0.0817708 0.0990741
2 0.584115 0.321296 0.0786458 0.109259
2 0.451823 0.24537 0.0880208 0.112963
