2 0.357031 0.520833 0.103646 0.117593
2 0.597917 0.368519 0.08125 0.151852
2 0.302083 0.409259 0.090625 0.114815
2 0.291667 0.314352 0.104167 0.075
2 0.27526 0.221296 0.0765625 0.101852
2 0.376823 0.579167 0.127604 0.132407
2 0.453646 0.162037 0.059375 0.087037
2 0.586458 0.149537 0.0614583 0.0768519
2 0.583333 0.228241 0.06875 0.0805556
2 0.571094 0.52963 0.0640625 0.107407
2 0.520312 0.10787 0.0677083 0.087963
2 0.477083 0.433333 0.0885417 0.0851852
2 0.604167 0.0634259 0.06875 0.0787037
2 0.452083 0.258333 0.0791667 0.107407
2 0.508594 0.512963 0.0703125 0.0962963
2 0.664323 0.518981 0.122396 0.137963
2 0.260156 0.621759 0.0921875 0.123148
2 0.584635 0.331481 0.0796875 0.111111
2 0.610156 0.411574 0.0817708 0.0953704
2 0.497135 0.339352 0.0890625 0.0842593
