2 0.450521 0.169444 0.0635417 0.0685185
2 0.285937 0.30787 0.1 0.075
2 0.340104 0.496296 0.0895833 0.0981481
2 0.267188 0.216667 0.0822917 0.1
2 0.378125 0.583333 0.108333 0.127778
2 0.583073 0.15 0.0651042 0.0777778
2 0.516927 0.106019 0.0682292 0.0861111
2 0.292188 0.403241 0.0875 0.119444
2 0.564844 0.527778 0.0671875 0.107407
2 0.578385 0.230093 0.0692708 0.0805556
2 0.5 0.510648 0.0729167 0.0953704
2 0.471615 0.429167 0.0932292 0.0842593
2 0.444792 0.254167 0.0854167 0.10463
2 0.247917 0.612963 0.0947917 0.124074
2 0.601823 0.062037 0.0671875 0.0814815
2 0.661458 0.517593 0.123958 0.135185
2 0.60599 0.410648 0.0807292 0.0935185
2 0.579427 0.331481 0.0765625 0.111111
2 0.491667 0.336574 0.0895833 0.0824074
