2 0.0591146 0.227315 0.0786458 0.143519
2 0.271354 0.204167 0.0989583 0.108333
2 0.283594 0.281481 0.108854 0.0796296
2 0.336719 0.486111 0.0901042 0.107407
2 0.445312 0.153704 0.0635417 0.0722222
2 0.517448 0.0861111 0.0651042 0.0907407
2 0.379948 0.569444 0.0994792 0.118519
2 0.501823 0.493519 0.0744792 0.0925926
2 0.582552 0.132407 0.0651042 0.0759259
2 0.564844 0.51713 0.0692708 0.106481
2 0.445052 0.2375 0.0911458 0.10463
2 0.579687 0.211111 0.071875 0.0814815
2 0.28724 0.383333 0.0932292 0.116667
2 0.46875 0.415741 0.0947917 0.0888889
2 0.245573 0.595833 0.0953125 0.123148
2 0.658594 0.506944 0.120312 0.134259
2 0.579687 0.316667 0.0802083 0.111111
2 0.603385 0.0458333 0.0692708 0.0824074
2 0.491406 0.32037 0.0890625 0.087037
2 0.604948 0.399537 0.0859375 0.0972222
