2 0.447135 0.141667 0.0598958 0.0851852
2 0.0601562 0.22963 0.0682292 0.131481
2 0.282552 0.280093 0.110937 0.0768519
2 0.336198 0.486111 0.0911458 0.111111
2 0.266406 0.19537 0.0880208 0.107407
2 0.377604 0.571296 0.104167 0.124074
2 0.502083 0.494907 0.0739583 0.0953704
2 0.504427 0.0800926 0.0953125 0.0898148
2 0.444271 0.237037 0.0916667 0.105556
2 0.586198 0.129167 0.0651042 0.075
2 0.565104 0.518519 0.06875 0.109259
2 0.579948 0.209722 0.0723958 0.0824074
2 0.468229 0.415741 0.0958333 0.0907407
2 0.285937 0.383796 0.090625 0.121296
2 0.244271 0.600463 0.0958333 0.128704
2 0.491667 0.318981 0.0895833 0.0898148
2 0.658594 0.510648 0.121354 0.137963
2 0.580729 0.317593 0.08125 0.111111
2 0.607031 0.0435185 0.0703125 0.0814815
2 0.60625 0.400463 0.0864583 0.0990741
