2 0.345573 0.517593 0.121354 0.159259
2 0.271615 0.281944 0.114063 0.0824074
2 0.0554687 0.234259 0.0682292 0.127778
2 0.259115 0.195833 0.0901042 0.106481
2 0.440625 0.146759 0.0635417 0.0787037
2 0.504948 0.0805556 0.0880208 0.0907407
2 0.327344 0.485185 0.0901042 0.109259
2 0.369271 0.573611 0.108333 0.121296
2 0.582552 0.127315 0.0661458 0.075
2 0.492188 0.498148 0.0729167 0.0944444
2 0.438802 0.235185 0.0911458 0.107407
2 0.278385 0.386111 0.0869792 0.124074
2 0.558073 0.516667 0.0692708 0.109259
2 0.575781 0.208333 0.0703125 0.0833333
2 0.575781 0.316667 0.0828125 0.111111
2 0.4625 0.416667 0.0947917 0.0888889
2 0.602604 0.0412037 0.06875 0.0805556
2 0.601302 0.400926 0.0848958 0.0981481
2 0.653646 0.511574 0.127083 0.136111
2 0.235938 0.603241 0.0958333 0.121296
2 0.486458 0.321296 0.090625 0.0925926
