2 0.0447917 0.237037 0.0677083 0.131481
2 0.260156 0.259259 0.116146 0.122222
2 0.493229 0.0777778 0.09375 0.0888889
2 0.432552 0.140741 0.0609375 0.0796296
2 0.318229 0.487963 0.0927083 0.105556
2 0.360156 0.577778 0.105729 0.127778
2 0.574219 0.124074 0.0651042 0.0796296
2 0.429688 0.233796 0.0864583 0.110185
2 0.566927 0.206481 0.0703125 0.0833333
2 0.485938 0.498611 0.071875 0.0972222
2 0.552604 0.517593 0.0697917 0.109259
2 0.645833 0.510648 0.122917 0.136111
2 0.269531 0.389352 0.0880208 0.123148
2 0.595833 0.0388889 0.0677083 0.0777778
2 0.224479 0.607407 0.0989583 0.127778
2 0.592708 0.400463 0.0854167 0.0972222
2 0.478906 0.318981 0.0911458 0.0935185
2 0.455729 0.416204 0.096875 0.0916667
2 0.566406 0.316204 0.0796875 0.115741
