2 0.258333 0.28287 0.103125 0.0787037
2 0.3125 0.49537 0.0927083 0.109259
2 0.353906 0.582407 0.105729 0.127778
2 0.236458 0.193981 0.0854167 0.102778
2 0.427604 0.13287 0.0614583 0.0935185
2 0.420573 0.237963 0.0942708 0.105556
2 0.495833 0.0768519 0.078125 0.0851852
2 0.568229 0.122685 0.0635417 0.0768519
2 0.259635 0.392593 0.0890625 0.127778
2 0.544792 0.522685 0.0666667 0.108333
2 0.56224 0.206481 0.0703125 0.0814815
2 0.481771 0.501389 0.0739583 0.102778
2 0.471354 0.319907 0.0916667 0.087963
2 0.21849 0.613426 0.0963542 0.130556
2 0.589323 0.0384259 0.0682292 0.0768519
2 0.447656 0.417593 0.0942708 0.0907407
2 0.588281 0.402315 0.0838542 0.100926
2 0.639323 0.516667 0.123438 0.137037
2 0.560677 0.318981 0.0796875 0.113889
