2 0.520833 0.136111 0.053125 0.0796296
2 0.520312 0.178241 0.0625 0.0824074
2 0.400521 0.123611 0.0552083 0.0824074
2 0.341667 0.478241 0.117708 0.143519
2 0.51875 0.441204 0.05625 0.102778
2 0.461458 0.0824074 0.0635417 0.0759259
2 0.450781 0.276852 0.0776042 0.0740741
2 0.405208 0.205093 0.075 0.0953704
2 0.245312 0.173148 0.0822917 0.105556
2 0.271615 0.32963 0.0932292 0.111111
2 0.55 0.328704 0.0677083 0.0888889
2 0.238021 0.533796 0.0885417 0.113889
2 0.53724 0.0490741 0.0588542 0.0759259
2 0.460417 0.43287 0.065625 0.0898148
2 0.605729 0.416204 0.114583 0.130556
2 0.526563 0.2625 0.0677083 0.0990741
2 0.432031 0.358333 0.0796875 0.0777778
