2 0.0359375 0.307407 0.059375 0.109259
2 0.0143229 0.689815 0.0286458 0.207407
2 0.331771 0.480556 0.0875 0.116667
2 0.259115 0.307407 0.0796875 0.0648148
2 0.529688 0.183796 0.0552083 0.0657407
2 0.53125 0.243519 0.0614583 0.0666667
2 0.527344 0.494907 0.0588542 0.102778
2 0.352083 0.530093 0.117708 0.139815
2 0.415365 0.175463 0.0526042 0.0861111
2 0.559635 0.384722 0.0703125 0.0805556
2 0.475 0.138426 0.0635417 0.0805556
2 0.259115 0.222222 0.0848958 0.0981481
2 0.538802 0.317593 0.0682292 0.0925926
2 0.245312 0.57963 0.090625 0.118519
2 0.444531 0.409259 0.0838542 0.0777778
2 0.611458 0.476852 0.116667 0.131481
2 0.285677 0.376852 0.0890625 0.107407
2 0.548437 0.111111 0.0604167 0.0685185
2 0.417708 0.259259 0.0770833 0.0944444
2 0.469271 0.484722 0.0677083 0.0861111
2 0.459896 0.331019 0.0802083 0.0731481
