2 0.451302 0.38287 0.0953125 0.156481
2 0.0348958 0.238889 0.065625 0.116667
2 0.247135 0.2875 0.109896 0.0805556
2 0.422135 0.141204 0.0609375 0.087963
2 0.345833 0.588889 0.109375 0.131481
2 0.305469 0.49537 0.0921875 0.105556
2 0.228906 0.199074 0.0880208 0.101852
2 0.489844 0.0837963 0.0796875 0.087963
2 0.253125 0.398148 0.090625 0.125926
2 0.563281 0.129167 0.0651042 0.0787037
2 0.474479 0.50787 0.0760417 0.100926
2 0.540104 0.528704 0.0666667 0.111111
2 0.415625 0.243056 0.0895833 0.108333
2 0.559635 0.211574 0.0744792 0.0842593
2 0.441667 0.423611 0.0927083 0.087963
2 0.634896 0.525926 0.120833 0.140741
2 0.555469 0.326389 0.0796875 0.117593
2 0.209115 0.618519 0.0984375 0.133333
2 0.583594 0.409259 0.0859375 0.0981481
2 0.585938 0.0416667 0.06875 0.0814815
2 0.465885 0.326389 0.0942708 0.087963
