2 0.221094 0.193519 0.0890625 0.101852
2 0.478385 0.0791667 0.0963542 0.087963
2 0.296094 0.490741 0.0932292 0.105556
2 0.242188 0.28287 0.111458 0.0861111
2 0.416146 0.147685 0.0614583 0.0731481
2 0.336719 0.585185 0.115104 0.12963
2 0.559115 0.127315 0.0661458 0.075
2 0.552083 0.323148 0.08125 0.114815
2 0.534635 0.525926 0.0692708 0.107407
2 0.244531 0.39213 0.0921875 0.125
2 0.552604 0.208796 0.0708333 0.0842593
2 0.411458 0.2375 0.0927083 0.106481
2 0.578646 0.40787 0.090625 0.0990741
2 0.20026 0.614815 0.100521 0.133333
2 0.469531 0.505093 0.0744792 0.0990741
2 0.436719 0.422685 0.0942708 0.0916667
2 0.58099 0.0402778 0.0703125 0.0787037
2 0.629427 0.523148 0.124479 0.137037
2 0.460938 0.323148 0.0947917 0.0907407
