2 0.454688 0.469444 0.0947917 0.162963
2 0.29349 0.498148 0.0921875 0.105556
2 0.235417 0.286111 0.114583 0.087037
2 0.482552 0.0791667 0.0828125 0.0898148
2 0.214844 0.194444 0.0880208 0.107407
2 0.413542 0.146296 0.0635417 0.0759259
2 0.33099 0.586111 0.121354 0.142593
2 0.533594 0.531944 0.0682292 0.110185
2 0.548958 0.327778 0.08125 0.12037
2 0.238802 0.399074 0.0932292 0.12963
2 0.557552 0.128704 0.0661458 0.0777778
2 0.576302 0.414352 0.0890625 0.0990741
2 0.552604 0.211111 0.0739583 0.0851852
2 0.435156 0.426389 0.0984375 0.0935185
2 0.409115 0.239352 0.0911458 0.110185
2 0.197917 0.620833 0.101042 0.136111
2 0.46849 0.511111 0.0765625 0.1
2 0.579167 0.0407407 0.0697917 0.0796296
2 0.626562 0.531482 0.120833 0.137037
2 0.457552 0.326389 0.0953125 0.0898148
