2 0.291927 0.516667 0.0932292 0.112963
2 0.235938 0.293981 0.108333 0.0861111
2 0.332812 0.597685 0.1125 0.136111
2 0.211198 0.20463 0.0880208 0.107407
2 0.481771 0.0861111 0.08125 0.0925926
2 0.414844 0.149074 0.0640625 0.0851852
2 0.236719 0.411111 0.0942708 0.135185
2 0.557292 0.137037 0.065625 0.0796296
2 0.467187 0.519907 0.0770833 0.0953704
2 0.554167 0.221759 0.071875 0.0861111
2 0.534115 0.543981 0.0682292 0.113889
2 0.196094 0.632407 0.0973958 0.133333
2 0.434635 0.4375 0.0953125 0.0916667
2 0.625781 0.537963 0.116146 0.138889
2 0.408333 0.250926 0.0895833 0.109259
2 0.548958 0.336574 0.0822917 0.115741
2 0.580729 0.0467593 0.0697917 0.0861111
2 0.574479 0.422685 0.0885417 0.0990741
2 0.456771 0.335648 0.0927083 0.0898148
