2 0.453125 0.496296 0.09375 0.146296
2 0.231771 0.311574 0.1125 0.0842593
2 0.290885 0.527778 0.0921875 0.114815
2 0.207813 0.213426 0.0916667 0.112037
2 0.336719 0.615278 0.104687 0.126852
2 0.414062 0.146296 0.0625 0.0962963
2 0.235677 0.423148 0.0932292 0.133333
2 0.557552 0.143056 0.0692708 0.0805556
2 0.465885 0.528704 0.0744792 0.0962963
2 0.483073 0.0953704 0.0776042 0.0907407
2 0.552344 0.229167 0.0734375 0.0842593
2 0.434635 0.447685 0.0994792 0.0935185
2 0.195052 0.647222 0.0994792 0.138889
2 0.532812 0.551389 0.0666667 0.119444
2 0.625781 0.546296 0.120312 0.140741
2 0.580729 0.0509259 0.0697917 0.0888889
2 0.407292 0.256019 0.0864583 0.113889
2 0.549219 0.342593 0.0817708 0.114815
2 0.575 0.431019 0.0854167 0.100926
2 0.45651 0.344907 0.0942708 0.0935185
