2 0.230729 0.324074 0.102083 0.0833333
2 0.486979 0.110648 0.06875 0.0935185
2 0.208073 0.229167 0.0807292 0.113889
2 0.290625 0.536111 0.0916667 0.111111
2 0.4125 0.174074 0.0614583 0.0703704
2 0.332292 0.631481 0.1125 0.131481
2 0.558073 0.153704 0.0671875 0.0796296
2 0.465625 0.543056 0.0739583 0.100926
2 0.550781 0.240278 0.0723958 0.087963
2 0.234115 0.437963 0.0869792 0.133333
2 0.433073 0.459259 0.0973958 0.0925926
2 0.532552 0.564815 0.0682292 0.116667
2 0.576302 0.444907 0.0848958 0.0990741
2 0.194531 0.665741 0.101562 0.138889
2 0.579427 0.0606481 0.0703125 0.0916667
2 0.457031 0.359259 0.0921875 0.0962963
2 0.407292 0.271296 0.090625 0.114815
2 0.548437 0.358333 0.0822917 0.118519
2 0.625781 0.563889 0.122396 0.138889
