2 0.288021 0.552778 0.0927083 0.114815
2 0.230729 0.33287 0.103125 0.0805556
2 0.460677 0.118519 0.118229 0.087037
2 0.332812 0.639352 0.10625 0.130556
2 0.410417 0.183333 0.0572917 0.0777778
2 0.20599 0.241204 0.0828125 0.108333
2 0.231771 0.447222 0.0875 0.135185
2 0.558333 0.1625 0.065625 0.0768519
2 0.532292 0.576389 0.06875 0.113889
2 0.465365 0.550926 0.0734375 0.101852
2 0.576042 0.450463 0.090625 0.0990741
2 0.548698 0.249074 0.0713542 0.0851852
2 0.404948 0.281019 0.0921875 0.117593
2 0.546615 0.366667 0.0828125 0.116667
2 0.430729 0.468981 0.0947917 0.0953704
2 0.578125 0.0708333 0.0666667 0.0916667
2 0.454948 0.368056 0.0932292 0.0935185
2 0.626302 0.571759 0.122396 0.141667
2 0.190365 0.674074 0.103646 0.133333
