2 0.304167 0.605556 0.134375 0.177778
2 0.283333 0.553704 0.0895833 0.114815
2 0.407813 0.18287 0.0604167 0.0768519
2 0.220833 0.337963 0.110417 0.0833333
2 0.201302 0.245833 0.0859375 0.113889
2 0.328906 0.641204 0.100521 0.130556
2 0.458073 0.122685 0.118229 0.0916667
2 0.227083 0.45 0.0854167 0.137037
2 0.401302 0.282407 0.0901042 0.114815
2 0.527083 0.580556 0.06875 0.116667
2 0.555729 0.164815 0.0645833 0.0777778
2 0.546615 0.250926 0.0703125 0.087037
2 0.461198 0.55463 0.0734375 0.103704
2 0.452344 0.369907 0.0953125 0.0916667
2 0.426302 0.473148 0.0942708 0.0944444
2 0.570312 0.456944 0.0885417 0.0990741
2 0.577083 0.0731481 0.0677083 0.0925926
2 0.619531 0.575926 0.120312 0.137037
2 0.54349 0.368981 0.0807292 0.117593
2 0.182552 0.677315 0.100521 0.132407
