2 0.213021 0.346759 0.120833 0.0916667
2 0.194792 0.248611 0.0875 0.117593
2 0.405469 0.191667 0.0609375 0.0851852
2 0.523698 0.590741 0.0682292 0.118519
2 0.21901 0.45787 0.0911458 0.137963
2 0.323698 0.650926 0.103646 0.12963
2 0.458854 0.124074 0.114583 0.0944444
2 0.277344 0.559722 0.0901042 0.117593
2 0.545313 0.255093 0.0739583 0.087963
2 0.553125 0.169444 0.0666667 0.0759259
2 0.394792 0.2875 0.0916667 0.112037
2 0.457031 0.563426 0.0755208 0.102778
2 0.575521 0.0777778 0.0697917 0.0925926
2 0.421094 0.47963 0.0963542 0.0981481
2 0.565625 0.466204 0.0895833 0.10463
2 0.61875 0.584259 0.121875 0.142593
2 0.178646 0.681019 0.104167 0.132407
2 0.539583 0.375 0.0822917 0.116667
2 0.446875 0.375 0.0958333 0.0907407
