2 0.211458 0.356019 0.120833 0.087963
2 0.201562 0.263426 0.0989583 0.128704
2 0.407031 0.186111 0.0598958 0.0962963
2 0.465625 0.129167 0.101042 0.0935185
2 0.326302 0.658796 0.101562 0.130556
2 0.276823 0.567593 0.0932292 0.116667
2 0.21849 0.463426 0.0911458 0.136111
2 0.525781 0.59537 0.0692708 0.118519
2 0.459115 0.571296 0.0755208 0.1
2 0.546094 0.265278 0.0734375 0.0861111
2 0.554948 0.178241 0.0651042 0.0787037
2 0.577344 0.0861111 0.0671875 0.0888889
2 0.177604 0.687963 0.103125 0.137037
2 0.566406 0.474074 0.0869792 0.101852
2 0.395573 0.296296 0.0911458 0.111111
2 0.61901 0.59213 0.122396 0.143519
2 0.540365 0.38287 0.0838542 0.113889
2 0.421875 0.487963 0.0958333 0.0981481
2 0.446615 0.382407 0.0921875 0.0925926
