2 0.33125 0.481481 0.0864583 0.114815
2 0.0145833 0.688426 0.0291667 0.206481
2 0.530729 0.237963 0.0645833 0.0777778
2 0.261198 0.306944 0.0807292 0.0638889
2 0.530729 0.202778 0.0572917 0.0925926
2 0.527344 0.495833 0.0598958 0.10463
2 0.352344 0.530093 0.118229 0.139815
2 0.415365 0.177315 0.0536458 0.0861111
2 0.559896 0.386574 0.0697917 0.0824074
2 0.475781 0.139352 0.0619792 0.0805556
2 0.259635 0.222685 0.0848958 0.0972222
2 0.539062 0.318981 0.06875 0.0935185
2 0.286198 0.378241 0.0901042 0.10463
2 0.245312 0.579167 0.090625 0.117593
2 0.444531 0.409259 0.0848958 0.0777778
2 0.611979 0.477315 0.117708 0.130556
2 0.417969 0.259259 0.0765625 0.0944444
2 0.548437 0.112037 0.0583333 0.0703704
2 0.469271 0.485185 0.0677083 0.087037
2 0.459375 0.331481 0.0791667 0.0722222
