2 0.201302 0.282407 0.0921875 0.15
2 0.425781 0.496759 0.0942708 0.0953704
2 0.411458 0.193056 0.0604167 0.0990741
2 0.478646 0.135648 0.0822917 0.100926
2 0.279427 0.577778 0.0921875 0.116667
2 0.55026 0.274074 0.0734375 0.0851852
2 0.558333 0.186574 0.0677083 0.0787037
2 0.327865 0.669907 0.101562 0.134259
2 0.223958 0.471296 0.0854167 0.137037
2 0.461719 0.580556 0.0744792 0.101852
2 0.527865 0.606019 0.0692708 0.115741
2 0.4 0.306019 0.0864583 0.115741
2 0.54401 0.394444 0.0828125 0.12037
2 0.58151 0.0925926 0.0703125 0.0925926
2 0.179688 0.700463 0.103125 0.136111
2 0.570312 0.486574 0.0885417 0.106481
2 0.451042 0.394444 0.0947917 0.0981481
2 0.622917 0.607407 0.122917 0.140741
