2 0.279687 0.584722 0.096875 0.112037
2 0.21224 0.305093 0.106771 0.169444
2 0.413802 0.216667 0.0630208 0.0740741
2 0.322656 0.678241 0.115104 0.134259
2 0.486458 0.153704 0.0770833 0.1
2 0.56276 0.197685 0.0661458 0.0768519
2 0.529688 0.619907 0.0708333 0.110185
2 0.57526 0.493519 0.0942708 0.1
2 0.224219 0.482407 0.0869792 0.138889
2 0.4625 0.59213 0.0760417 0.10463
2 0.552083 0.285648 0.071875 0.0916667
2 0.403906 0.316667 0.0921875 0.12037
2 0.179948 0.709259 0.104687 0.140741
2 0.427083 0.508333 0.0979167 0.0962963
2 0.62474 0.622222 0.123438 0.142593
2 0.585677 0.106019 0.0692708 0.0916667
2 0.545313 0.408796 0.0833333 0.121296
2 0.454688 0.406944 0.0947917 0.0990741
