2 0.208594 0.303704 0.113021 0.148148
2 0.484896 0.160648 0.078125 0.0990741
2 0.272135 0.599074 0.0963542 0.114815
2 0.526823 0.629167 0.0692708 0.113889
2 0.410156 0.228704 0.0588542 0.0740741
2 0.313281 0.688426 0.117188 0.136111
2 0.400521 0.327315 0.0916667 0.110185
2 0.56224 0.208796 0.0671875 0.075
2 0.551042 0.295833 0.0729167 0.0861111
2 0.451302 0.414815 0.0973958 0.0944444
2 0.219271 0.49213 0.0822917 0.137963
2 0.460417 0.604167 0.078125 0.10463
2 0.172917 0.716204 0.102083 0.137963
2 0.61901 0.63287 0.124479 0.14537
2 0.421615 0.518519 0.0953125 0.0962963
2 0.542708 0.416204 0.0833333 0.117593
2 0.584635 0.11713 0.0713542 0.0916667
2 0.56849 0.507407 0.0901042 0.1
