2 0.692187 0.604167 0.0385417 0.0824074
2 0.202344 0.33287 0.123438 0.163889
2 0.263281 0.60463 0.0942708 0.111111
2 0.306771 0.694444 0.114583 0.135185
2 0.40599 0.238889 0.0640625 0.0759259
2 0.466146 0.166204 0.104167 0.0916667
2 0.208333 0.500463 0.0833333 0.143519
2 0.55651 0.21713 0.0651042 0.075
2 0.545313 0.302315 0.0739583 0.0861111
2 0.451042 0.610185 0.0791667 0.1
2 0.390365 0.335648 0.0921875 0.106481
2 0.515365 0.635648 0.0671875 0.115741
2 0.160417 0.725463 0.101042 0.139815
2 0.579427 0.124537 0.0692708 0.0916667
2 0.41276 0.528704 0.0973958 0.0981481
2 0.535156 0.426389 0.0828125 0.119444
2 0.610937 0.642593 0.122917 0.138889
2 0.441406 0.422685 0.0973958 0.0916667
2 0.561198 0.514815 0.0901042 0.0981481
