2 0.404427 0.371296 0.115104 0.162963
2 0.963281 0.0277778 0.0723958 0.0555556
2 0.18776 0.324074 0.111979 0.168519
2 0.395833 0.2375 0.0604167 0.0824074
2 0.29974 0.700463 0.101562 0.128704
2 0.24974 0.606481 0.0942708 0.114815
2 0.194271 0.500463 0.0833333 0.147222
2 0.465104 0.169907 0.0895833 0.0972222
2 0.550521 0.219444 0.0677083 0.0759259
2 0.147396 0.728241 0.1 0.143519
2 0.504687 0.640278 0.0666667 0.125
2 0.439323 0.613426 0.0786458 0.102778
2 0.402865 0.528704 0.0963542 0.0981481
2 0.536719 0.306481 0.0723958 0.0851852
2 0.382031 0.335648 0.0953125 0.108333
2 0.574219 0.129167 0.0692708 0.0935185
2 0.551042 0.521296 0.0885417 0.1
2 0.43099 0.427315 0.0942708 0.0953704
2 0.524479 0.428704 0.0854167 0.114815
2 0.598958 0.650463 0.126042 0.14537
