2 0.169531 0.29213 0.103646 0.117593
2 0.959635 0.0314815 0.0734375 0.0592593
2 0.184896 0.355093 0.126042 0.117593
2 0.389062 0.233333 0.0666667 0.0796296
2 0.241406 0.604167 0.0963542 0.110185
2 0.290365 0.697222 0.106771 0.135185
2 0.541406 0.221759 0.0651042 0.0768519
2 0.451823 0.169444 0.101562 0.0944444
2 0.498698 0.64213 0.0671875 0.123148
2 0.184115 0.497222 0.0838542 0.144444
2 0.432813 0.615741 0.078125 0.101852
2 0.37526 0.334259 0.0911458 0.111111
2 0.569792 0.131019 0.0697917 0.0916667
2 0.54375 0.522685 0.090625 0.100926
2 0.532031 0.309722 0.0734375 0.0861111
2 0.394531 0.52963 0.0994792 0.101852
2 0.138281 0.723148 0.103646 0.142593
2 0.424479 0.427778 0.0958333 0.0944444
2 0.51875 0.430556 0.0864583 0.114815
2 0.592448 0.650926 0.124479 0.142593
