2 0.168229 0.2875 0.102083 0.115741
2 0.184896 0.350926 0.123958 0.125926
2 0.96224 0.0356481 0.0713542 0.0675926
2 0.389583 0.233333 0.0645833 0.0796296
2 0.446354 0.169907 0.115625 0.0953704
2 0.239844 0.60463 0.0973958 0.107407
2 0.289583 0.700926 0.107292 0.135185
2 0.54375 0.222222 0.0677083 0.0759259
2 0.182292 0.498148 0.0854167 0.148148
2 0.571094 0.133333 0.0723958 0.0907407
2 0.375 0.334259 0.0916667 0.114815
2 0.499479 0.645833 0.0677083 0.121296
2 0.433333 0.618056 0.0802083 0.100926
2 0.532552 0.312037 0.0744792 0.0888889
2 0.39349 0.531018 0.0984375 0.102778
2 0.136719 0.722222 0.105729 0.144444
2 0.54349 0.526852 0.0911458 0.1
2 0.517969 0.434259 0.0848958 0.114815
2 0.42474 0.427315 0.0942708 0.0935185
2 0.591927 0.656944 0.125521 0.14537
