2 0.185937 0.352315 0.123958 0.126852
2 0.391927 0.2375 0.0671875 0.0731481
2 0.451823 0.171296 0.111979 0.101852
2 0.965885 0.0398148 0.0661458 0.0759259
2 0.240104 0.607407 0.0979167 0.109259
2 0.182031 0.500463 0.0859375 0.149074
2 0.549479 0.225463 0.06875 0.075
2 0.289323 0.705556 0.106771 0.133333
2 0.573438 0.135185 0.0708333 0.0944444
2 0.498698 0.653704 0.0682292 0.114815
2 0.393229 0.534259 0.0979167 0.1
2 0.136719 0.724074 0.104687 0.144444
2 0.376042 0.336574 0.0927083 0.112037
2 0.533333 0.316667 0.0739583 0.0851852
2 0.54401 0.53287 0.0921875 0.100926
2 0.433594 0.622222 0.0796875 0.0981481
2 0.519792 0.439352 0.0875 0.117593
2 0.425521 0.431019 0.09375 0.0990741
2 0.591927 0.662963 0.125521 0.142593
