2 0.188021 0.375463 0.117708 0.0898148
2 0.161979 0.284722 0.090625 0.100926
2 0.390885 0.236111 0.0682292 0.0777778
2 0.464063 0.174074 0.084375 0.1
2 0.547135 0.228241 0.0682292 0.075
2 0.966927 0.0416667 0.0651042 0.0796296
2 0.284635 0.709722 0.110937 0.134259
2 0.238021 0.610648 0.096875 0.113889
2 0.573698 0.135648 0.0703125 0.0990741
2 0.391667 0.539815 0.0989583 0.101852
2 0.179427 0.502315 0.0859375 0.152778
2 0.495833 0.656018 0.0666667 0.119444
2 0.132812 0.731019 0.104167 0.147222
2 0.541146 0.536111 0.0916667 0.101852
2 0.43125 0.625 0.0791667 0.101852
2 0.373958 0.338889 0.0927083 0.112963
2 0.532292 0.318056 0.0760417 0.0861111
2 0.517187 0.443056 0.0864583 0.117593
2 0.423438 0.434259 0.0947917 0.1
2 0.588542 0.667593 0.123958 0.144444
