2 0.182812 0.386111 0.11875 0.087037
2 0.385156 0.246759 0.0692708 0.0712963
2 0.964583 0.0402778 0.06875 0.0768519
2 0.15625 0.2875 0.0864583 0.115741
2 0.541146 0.231481 0.0677083 0.0740741
2 0.279427 0.717593 0.106771 0.135185
2 0.527344 0.319907 0.0744792 0.087963
2 0.463281 0.178704 0.0765625 0.0981481
2 0.569531 0.139815 0.0723958 0.0944444
2 0.428385 0.628241 0.0796875 0.100926
2 0.173438 0.512037 0.084375 0.148148
2 0.489062 0.661574 0.0666667 0.117593
2 0.232031 0.615741 0.0973958 0.112963
2 0.384896 0.543519 0.0979167 0.1
2 0.366927 0.34537 0.0942708 0.112963
2 0.125521 0.741667 0.10625 0.148148
2 0.5375 0.538889 0.0916667 0.0981481
2 0.417708 0.439815 0.0979167 0.0981481
2 0.511719 0.447222 0.0838542 0.118519
2 0.583594 0.671759 0.123438 0.141667
