2 0.0145833 0.688889 0.0291667 0.205556
2 0.53151 0.192593 0.0567708 0.0703704
2 0.26224 0.308333 0.0807292 0.0648148
2 0.330208 0.475463 0.0833333 0.10463
2 0.0364583 0.311574 0.05625 0.112037
2 0.532812 0.24537 0.0625 0.0666667
2 0.354688 0.540278 0.114583 0.126852
2 0.476562 0.142593 0.0614583 0.0777778
2 0.416146 0.178241 0.0541667 0.0842593
2 0.528906 0.496296 0.0598958 0.105556
2 0.560677 0.388426 0.0692708 0.0842593
2 0.261719 0.223148 0.0828125 0.0962963
2 0.246875 0.581944 0.090625 0.119444
2 0.539583 0.321759 0.06875 0.0953704
2 0.286198 0.381019 0.0932292 0.10463
2 0.44349 0.411574 0.0828125 0.0787037
2 0.549219 0.113426 0.0588542 0.0712963
2 0.613021 0.479167 0.1125 0.132407
2 0.417188 0.2625 0.0791667 0.0935185
2 0.470313 0.486574 0.0666667 0.087963
2 0.460677 0.333333 0.0796875 0.0722222
