2 0.167969 0.341204 0.121354 0.180556
2 0.379427 0.244444 0.0640625 0.0759259
2 0.267708 0.721296 0.116667 0.135185
2 0.959635 0.0393519 0.0734375 0.0731481
2 0.222917 0.619444 0.0947917 0.107407
2 0.41875 0.631944 0.0760417 0.106481
2 0.519531 0.324074 0.0765625 0.0888889
2 0.483854 0.664352 0.06875 0.113889
2 0.533854 0.23287 0.0697917 0.0768519
2 0.378906 0.547685 0.0984375 0.100926
2 0.455208 0.181019 0.0770833 0.0990741
2 0.359896 0.350926 0.0916667 0.111111
2 0.164062 0.516667 0.0822917 0.15
2 0.561198 0.144444 0.0692708 0.0925926
2 0.530208 0.542593 0.0916667 0.105556
2 0.411719 0.443519 0.0953125 0.0981481
2 0.117188 0.747685 0.103125 0.14537
2 0.577604 0.670833 0.121875 0.141667
2 0.504167 0.449537 0.0833333 0.119444
