2 0.664323 0.621296 0.0442708 0.0925926
2 0.160156 0.354167 0.128646 0.167593
2 0.952344 0.0365741 0.0744792 0.0675926
2 0.371615 0.246296 0.0651042 0.0703704
2 0.215625 0.622685 0.0947917 0.110185
2 0.528906 0.231019 0.0692708 0.0768519
2 0.261458 0.724074 0.117708 0.137037
2 0.449479 0.181019 0.078125 0.0953704
2 0.477344 0.664815 0.0682292 0.112963
2 0.525521 0.540741 0.0895833 0.0981481
2 0.370573 0.547685 0.0994792 0.100926
2 0.413021 0.632407 0.0760417 0.105556
2 0.555208 0.139815 0.06875 0.0925926
2 0.155208 0.521296 0.0833333 0.15
2 0.352865 0.349074 0.0890625 0.114815
2 0.5125 0.322222 0.0770833 0.087037
2 0.109635 0.752315 0.103646 0.14537
2 0.497917 0.449074 0.084375 0.12037
2 0.570052 0.672222 0.124479 0.142593
2 0.404427 0.443056 0.0973958 0.0972222
