2 0.153646 0.346759 0.127083 0.178704
2 0.948698 0.0347222 0.0744792 0.0657407
2 0.256771 0.724074 0.121875 0.138889
2 0.213281 0.622222 0.0953125 0.107407
2 0.527344 0.230556 0.0703125 0.0759259
2 0.367188 0.246296 0.0645833 0.0703704
2 0.445833 0.178241 0.0770833 0.100926
2 0.36849 0.547222 0.100521 0.0981481
2 0.475 0.666204 0.06875 0.115741
2 0.409375 0.631944 0.0760417 0.110185
2 0.151042 0.521759 0.084375 0.149074
2 0.551302 0.1375 0.0692708 0.0935185
2 0.347917 0.350926 0.0927083 0.112963
2 0.520573 0.540741 0.0921875 0.101852
2 0.510417 0.321759 0.0760417 0.087963
2 0.105729 0.753704 0.102083 0.148148
2 0.401042 0.443056 0.0958333 0.0990741
2 0.49401 0.449537 0.0838542 0.121296
2 0.567187 0.672685 0.123958 0.143519
