2 0.130208 0.296759 0.084375 0.125
2 0.157552 0.387037 0.122396 0.0962963
2 0.946094 0.0324074 0.0755208 0.0611111
2 0.254427 0.718518 0.119271 0.137037
2 0.211719 0.617593 0.0932292 0.112963
2 0.363802 0.244444 0.0692708 0.0759259
2 0.525 0.227315 0.06875 0.0787037
2 0.432292 0.174537 0.0989583 0.100926
2 0.471354 0.662963 0.0666667 0.116667
2 0.548698 0.134722 0.0703125 0.0935185
2 0.364062 0.544444 0.0989583 0.1
2 0.407813 0.629167 0.0791667 0.108333
2 0.147656 0.52037 0.0838542 0.148148
2 0.344271 0.347222 0.0947917 0.114815
2 0.102344 0.750463 0.102604 0.14537
2 0.517969 0.538426 0.0911458 0.102778
2 0.508333 0.319444 0.0739583 0.087037
2 0.491406 0.44537 0.0838542 0.12037
2 0.397396 0.439352 0.0958333 0.0972222
2 0.563542 0.668519 0.121875 0.142593
