2 0.653646 0.615278 0.046875 0.0824074
2 0.128646 0.29213 0.0916667 0.115741
2 0.15625 0.37963 0.115625 0.0944444
2 0.942969 0.0287037 0.0755208 0.0537037
2 0.359115 0.238889 0.0703125 0.0703704
2 0.520312 0.221296 0.0666667 0.0796296
2 0.431771 0.169907 0.0947917 0.102778
2 0.25599 0.716204 0.105729 0.132407
2 0.204948 0.616204 0.0963542 0.115741
2 0.546875 0.130556 0.071875 0.0907407
2 0.467969 0.655556 0.0651042 0.12037
2 0.360938 0.540278 0.101042 0.100926
2 0.142708 0.514815 0.0833333 0.15
2 0.507031 0.312037 0.0744792 0.0907407
2 0.0973958 0.744907 0.103125 0.141667
2 0.393229 0.433333 0.0927083 0.0962963
2 0.515365 0.532407 0.0921875 0.101852
2 0.339583 0.341204 0.0927083 0.113889
2 0.48724 0.439815 0.0828125 0.118519
2 0.404948 0.621759 0.0776042 0.102778
2 0.560938 0.663426 0.120833 0.141667
