2 0.369531 0.491667 0.0984375 0.175926
2 0.940365 0.0236111 0.0744792 0.0472222
2 0.145573 0.333333 0.121354 0.17037
2 0.355469 0.231019 0.0671875 0.075
2 0.515885 0.211111 0.0661458 0.0777778
2 0.435156 0.163889 0.0786458 0.101852
2 0.136979 0.50787 0.0854167 0.15463
2 0.542188 0.121296 0.071875 0.0907407
2 0.20026 0.613426 0.0963542 0.117593
2 0.254427 0.712963 0.101562 0.131481
2 0.501562 0.302778 0.0729167 0.0888889
2 0.464844 0.64537 0.0651042 0.12037
2 0.400521 0.614815 0.078125 0.1
2 0.359115 0.534259 0.0984375 0.1
2 0.0942708 0.74213 0.104167 0.147222
2 0.33776 0.333333 0.0932292 0.116667
2 0.389062 0.427778 0.0947917 0.0962963
2 0.509635 0.525 0.0869792 0.1
2 0.483333 0.431944 0.0833333 0.119444
2 0.558594 0.656018 0.121354 0.143519
