2 0.988281 0.0222222 0.0223958 0.0444444
2 0.369531 0.387963 0.107813 0.157407
2 0.110677 0.292593 0.0973958 0.12963
2 0.140885 0.376852 0.122396 0.0944444
2 0.934896 0.0194444 0.0708333 0.0388889
2 0.352083 0.228704 0.065625 0.0814815
2 0.428646 0.158333 0.0791667 0.109259
2 0.51276 0.20787 0.0661458 0.0805556
2 0.244792 0.712963 0.1125 0.133333
2 0.129167 0.511111 0.0885417 0.159259
2 0.195312 0.6125 0.096875 0.115741
2 0.396615 0.614352 0.0786458 0.106481
2 0.496094 0.298148 0.0734375 0.0907407
2 0.460677 0.643056 0.0651042 0.121296
2 0.353646 0.53287 0.096875 0.106481
2 0.535937 0.116204 0.0708333 0.0898148
2 0.505469 0.522222 0.0901042 0.103704
2 0.332292 0.332407 0.096875 0.12037
2 0.0901042 0.743056 0.107292 0.147222
2 0.478646 0.428241 0.0854167 0.121296
2 0.384635 0.425926 0.0963542 0.0981481
2 0.553906 0.652315 0.123438 0.141667
