2 0.135417 0.375 0.11875 0.0907407
2 0.107552 0.2875 0.0911458 0.128704
2 0.346615 0.223148 0.0661458 0.0833333
2 0.50651 0.203241 0.0661458 0.0805556
2 0.123438 0.508333 0.090625 0.157407
2 0.42526 0.15463 0.0796875 0.101852
2 0.454167 0.643519 0.0635417 0.122222
2 0.239063 0.712963 0.1125 0.135185
2 0.324479 0.331019 0.0958333 0.115741
2 0.390104 0.612963 0.0791667 0.103704
2 0.188802 0.614815 0.0994792 0.118519
2 0.531771 0.112963 0.0708333 0.0888889
2 0.345573 0.530093 0.0984375 0.106481
2 0.490625 0.29537 0.0729167 0.0925926
2 0.50026 0.520833 0.0890625 0.100926
2 0.0825521 0.743981 0.106771 0.143519
2 0.379167 0.424537 0.0979167 0.0972222
2 0.472917 0.427315 0.084375 0.119444
2 0.547135 0.650926 0.124479 0.140741
