2 0.106771 0.294907 0.1 0.139815
2 0.131771 0.374537 0.119792 0.0935185
2 0.340104 0.221296 0.0697917 0.0851852
2 0.501562 0.200926 0.065625 0.0796296
2 0.232552 0.711574 0.118229 0.134259
2 0.185677 0.612963 0.0942708 0.118519
2 0.421875 0.153704 0.075 0.101852
2 0.450781 0.642593 0.0661458 0.122222
2 0.117969 0.508796 0.0911458 0.158333
2 0.526042 0.110185 0.0697917 0.0888889
2 0.385156 0.6125 0.0765625 0.10463
2 0.341927 0.530093 0.0984375 0.10463
2 0.320052 0.330556 0.0994792 0.116667
2 0.375 0.422222 0.0979167 0.1
2 0.494531 0.518056 0.0921875 0.102778
2 0.485156 0.294444 0.0755208 0.0925926
2 0.078125 0.743981 0.10625 0.139815
2 0.46849 0.425463 0.0838542 0.121296
2 0.541927 0.650926 0.124479 0.142593
