2 0.117708 0.334722 0.13125 0.171296
2 0.496354 0.203241 0.0635417 0.0824074
2 0.334896 0.224537 0.06875 0.0787037
2 0.419271 0.155556 0.071875 0.103704
2 0.230469 0.713889 0.106771 0.133333
2 0.177604 0.616204 0.102083 0.117593
2 0.444792 0.644907 0.0625 0.121296
2 0.523698 0.110648 0.0713542 0.0916667
2 0.111458 0.512963 0.090625 0.153704
2 0.480208 0.294907 0.0729167 0.0898148
2 0.315365 0.331481 0.0963542 0.116667
2 0.33724 0.532407 0.100521 0.101852
2 0.490365 0.523148 0.0901042 0.103704
2 0.382292 0.616667 0.0791667 0.107407
2 0.071875 0.747222 0.107292 0.142593
2 0.463021 0.429167 0.0854167 0.123148
2 0.369531 0.422222 0.0984375 0.0981481
2 0.536719 0.650926 0.124479 0.140741
