2 0.0148437 0.689815 0.0296875 0.209259
2 0.265104 0.309722 0.0822917 0.0657407
2 0.329948 0.478241 0.0796875 0.10463
2 0.532031 0.196759 0.0567708 0.0731481
2 0.0364583 0.315278 0.0541667 0.106481
2 0.533073 0.249537 0.0640625 0.0657407
2 0.357031 0.546296 0.109896 0.118519
2 0.478385 0.147685 0.0598958 0.075
2 0.528385 0.502778 0.0588542 0.105556
2 0.416667 0.176389 0.0541667 0.0824074
2 0.247396 0.582407 0.0927083 0.118519
2 0.260938 0.226389 0.0822917 0.0972222
2 0.561198 0.393519 0.0682292 0.0851852
2 0.286979 0.383796 0.090625 0.10463
2 0.538542 0.324537 0.0677083 0.0935185
2 0.444271 0.416667 0.0875 0.0777778
2 0.470833 0.490741 0.0677083 0.087037
2 0.548958 0.11713 0.0583333 0.0712963
2 0.41875 0.264352 0.078125 0.0935185
2 0.611979 0.484259 0.115625 0.133333
2 0.460156 0.335648 0.0786458 0.075
