2 0.353125 0.475 0.104167 0.190741
2 0.357031 0.584259 0.101562 0.144444
2 0.107292 0.331019 0.132292 0.180556
2 0.491927 0.203704 0.0640625 0.0814815
2 0.330208 0.225926 0.0677083 0.0814815
2 0.415625 0.156019 0.06875 0.10463
2 0.22526 0.716204 0.110937 0.136111
2 0.475781 0.29537 0.0723958 0.087037
2 0.440104 0.644907 0.0645833 0.119444
2 0.171354 0.616204 0.096875 0.113889
2 0.104427 0.516667 0.0880208 0.153704
2 0.517187 0.110648 0.0697917 0.0898148
2 0.332812 0.534722 0.1 0.100926
2 0.376042 0.614352 0.0791667 0.10463
2 0.310937 0.33287 0.0958333 0.115741
2 0.0648438 0.75 0.109896 0.142593
2 0.364323 0.425926 0.0953125 0.0962963
2 0.485417 0.523148 0.0895833 0.101852
2 0.458854 0.429167 0.0854167 0.121296
2 0.532292 0.654167 0.120833 0.141667
