2 0.90651 0.0180556 0.0734375 0.0361111
2 0.0921875 0.328241 0.115625 0.182407
2 0.32526 0.228704 0.0661458 0.0814815
2 0.216406 0.721296 0.118229 0.138889
2 0.48776 0.205093 0.0671875 0.0824074
2 0.403646 0.157407 0.0791667 0.1
2 0.436719 0.646759 0.0661458 0.115741
2 0.327604 0.537037 0.0989583 0.101852
2 0.164583 0.621296 0.0979167 0.118519
2 0.371354 0.62037 0.08125 0.103704
2 0.0986979 0.52037 0.0901042 0.153704
2 0.472135 0.297685 0.0744792 0.0916667
2 0.511458 0.114352 0.071875 0.0861111
2 0.304688 0.335185 0.096875 0.116667
2 0.358333 0.42963 0.0989583 0.1
2 0.480208 0.527778 0.0916667 0.107407
2 0.452865 0.433796 0.0838542 0.123148
2 0.0578125 0.755556 0.109375 0.142593
2 0.527604 0.65787 0.119792 0.141667
