2 0.969531 0.0199074 0.0609375 0.0398148
2 0.900781 0.0194444 0.0703125 0.0388889
2 0.0929687 0.339815 0.132812 0.188889
2 0.320312 0.23287 0.065625 0.075
2 0.161979 0.627315 0.0947917 0.113889
2 0.210417 0.725926 0.117708 0.138889
2 0.321354 0.543056 0.1 0.0972222
2 0.484375 0.210648 0.0677083 0.0805556
2 0.366406 0.623611 0.0765625 0.10463
2 0.398958 0.1625 0.0822917 0.0953704
2 0.43125 0.652778 0.0666667 0.122222
2 0.467969 0.304167 0.0755208 0.0898148
2 0.0942708 0.527315 0.0916667 0.156481
2 0.508073 0.117593 0.0713542 0.0907407
2 0.298177 0.340741 0.0963542 0.12037
2 0.0526042 0.761111 0.104167 0.142593
2 0.47526 0.531482 0.0869792 0.103704
2 0.353906 0.436111 0.0973958 0.1
2 0.448177 0.438889 0.0838542 0.122222
2 0.521354 0.664815 0.123958 0.140741
