2 0.967969 0.0217593 0.0619792 0.0435185
2 0.157292 0.638889 0.09375 0.112963
2 0.895052 0.0226852 0.0703125 0.0453704
2 0.201823 0.733796 0.127604 0.137963
2 0.0890625 0.345833 0.133333 0.187963
2 0.313281 0.240741 0.0713542 0.0740741
2 0.0497396 0.771296 0.0973958 0.146296
2 0.386979 0.168056 0.103125 0.100926
2 0.426823 0.663426 0.0682292 0.115741
2 0.479948 0.218056 0.0682292 0.0842593
2 0.317187 0.55 0.103125 0.101852
2 0.504167 0.123611 0.071875 0.0935185
2 0.361458 0.632407 0.0770833 0.107407
2 0.471875 0.538889 0.0916667 0.103704
2 0.464063 0.3125 0.075 0.0916667
2 0.29401 0.348611 0.0963542 0.121296
2 0.0877604 0.5375 0.0880208 0.152778
2 0.35026 0.441667 0.0963542 0.101852
2 0.444271 0.447222 0.0833333 0.124074
2 0.517448 0.672222 0.121354 0.142593
