2 0.964583 0.024537 0.0666667 0.0490741
2 0.889583 0.025463 0.0708333 0.0509259
2 0.084375 0.359722 0.134375 0.182407
2 0.20599 0.747222 0.106771 0.135185
2 0.309115 0.250463 0.0703125 0.0768519
2 0.421875 0.673148 0.0645833 0.116667
2 0.376042 0.175463 0.109375 0.102778
2 0.15 0.650463 0.1 0.123148
2 0.476823 0.227315 0.0682292 0.0805556
2 0.50026 0.131944 0.0703125 0.0972222
2 0.0833333 0.548148 0.0875 0.151852
2 0.346354 0.450463 0.0979167 0.102778
2 0.0473958 0.777315 0.0927083 0.15463
2 0.311979 0.563426 0.1 0.106481
2 0.290625 0.358796 0.0958333 0.123148
2 0.466146 0.550926 0.0927083 0.109259
2 0.458854 0.321296 0.075 0.0925926
2 0.359115 0.644444 0.0786458 0.112963
2 0.438542 0.456944 0.0833333 0.121296
2 0.511719 0.679167 0.122396 0.141667
