2 0.0716146 0.368056 0.122396 0.184259
2 0.882552 0.0291667 0.0692708 0.0546296
2 0.958594 0.0273148 0.0682292 0.0546296
2 0.471094 0.231944 0.0671875 0.0787037
2 0.377604 0.18287 0.101042 0.0972222
2 0.202604 0.756019 0.10625 0.137963
2 0.307031 0.260185 0.0671875 0.0777778
2 0.495313 0.138889 0.0708333 0.0944444
2 0.146615 0.65787 0.101562 0.117593
2 0.418229 0.680093 0.065625 0.125
2 0.453125 0.326852 0.075 0.0907407
2 0.309635 0.569907 0.100521 0.106481
2 0.357031 0.649537 0.0796875 0.10463
2 0.0773437 0.558796 0.0890625 0.149074
2 0.342187 0.45787 0.096875 0.0990741
2 0.0460938 0.786111 0.0901042 0.159259
2 0.285937 0.365278 0.0927083 0.121296
2 0.4625 0.555093 0.090625 0.106481
2 0.434375 0.462037 0.084375 0.125926
2 0.509115 0.683333 0.121354 0.138889
