2 0.335156 0.618981 0.100521 0.130556
2 0.877865 0.0300926 0.0671875 0.0564815
2 0.953906 0.0300926 0.0703125 0.0583333
2 0.365885 0.191667 0.113021 0.0981481
2 0.0755208 0.372222 0.133333 0.185185
2 0.19349 0.764352 0.118229 0.139815
2 0.303125 0.264815 0.06875 0.0796296
2 0.465625 0.238426 0.0635417 0.0787037
2 0.138542 0.665278 0.102083 0.117593
2 0.351302 0.653704 0.0776042 0.105556
2 0.414062 0.683796 0.0666667 0.119444
2 0.448958 0.33287 0.0697917 0.0916667
2 0.304427 0.575 0.0973958 0.107407
2 0.280729 0.374074 0.09375 0.118519
2 0.0739583 0.563426 0.0895833 0.15463
2 0.33776 0.463889 0.0953125 0.0981481
2 0.488021 0.145833 0.0708333 0.0916667
2 0.0429688 0.797685 0.0848958 0.15463
2 0.457292 0.561574 0.0895833 0.102778
2 0.430729 0.467593 0.084375 0.122222
2 0.503906 0.689815 0.120312 0.135185
