2 0.989323 0.0259259 0.0192708 0.0518519
2 0.441406 0.527778 0.0973958 0.17037
2 0.952344 0.0328704 0.0817708 0.062037
2 0.135937 0.672685 0.101042 0.119444
2 0.18724 0.77037 0.119271 0.140741
2 0.364583 0.197685 0.107292 0.0953704
2 0.0705729 0.381481 0.132812 0.181481
2 0.873177 0.0361111 0.0682292 0.0685185
2 0.411719 0.6875 0.0682292 0.115741
2 0.300521 0.581481 0.096875 0.103704
2 0.299219 0.269907 0.0661458 0.0824074
2 0.4625 0.24213 0.0635417 0.0824074
2 0.346875 0.662037 0.0802083 0.107407
2 0.0692708 0.570833 0.0916667 0.156481
2 0.0411458 0.813889 0.08125 0.137037
2 0.484115 0.151852 0.0713542 0.0851852
2 0.277083 0.376389 0.0927083 0.119444
2 0.444792 0.3375 0.071875 0.0898148
2 0.453646 0.569444 0.0864583 0.105556
2 0.331771 0.471296 0.096875 0.1
2 0.426042 0.474074 0.0822917 0.12037
2 0.501042 0.696296 0.116667 0.137037
