2 0.988021 0.0300926 0.0239583 0.0601852
2 0.94375 0.0361111 0.0645833 0.0685185
2 0.135677 0.678704 0.0973958 0.111111
2 0.184375 0.775463 0.121875 0.141667
2 0.06875 0.386111 0.134375 0.181481
2 0.298438 0.587963 0.0979167 0.0981481
2 0.870052 0.0393519 0.0692708 0.0712963
2 0.372135 0.200463 0.0890625 0.0972222
2 0.297135 0.274074 0.0661458 0.0833333
2 0.409375 0.69537 0.0697917 0.114815
2 0.459115 0.249074 0.0630208 0.0814815
2 0.345052 0.67037 0.0807292 0.105556
2 0.444531 0.342593 0.0734375 0.0907407
2 0.040625 0.820833 0.08125 0.136111
2 0.483333 0.158333 0.0708333 0.087037
2 0.0677083 0.582407 0.0916667 0.15
2 0.33099 0.478704 0.0963542 0.101852
2 0.451562 0.576389 0.0864583 0.108333
2 0.273698 0.384259 0.0953125 0.122222
2 0.499479 0.704167 0.11875 0.136111
2 0.424479 0.480556 0.084375 0.118519
