2 0.98724 0.0356481 0.0255208 0.0694444
2 0.134635 0.691667 0.0973958 0.116667
2 0.940625 0.0393519 0.0635417 0.075
2 0.188281 0.782407 0.113021 0.138889
2 0.296094 0.282407 0.0651042 0.0796296
2 0.408854 0.703704 0.0677083 0.114815
2 0.0692708 0.396296 0.136458 0.192593
2 0.376042 0.209259 0.078125 0.0944444
2 0.86849 0.0407407 0.0651042 0.0759259
2 0.460417 0.257407 0.065625 0.0796296
2 0.344792 0.676389 0.078125 0.110185
2 0.0408854 0.826852 0.0807292 0.142593
2 0.297396 0.594444 0.1 0.1
2 0.0669271 0.589352 0.0921875 0.152778
2 0.482812 0.164352 0.0708333 0.0898148
2 0.274479 0.393056 0.0927083 0.123148
2 0.498437 0.712037 0.117708 0.135185
2 0.442969 0.351389 0.0723958 0.087963
2 0.453125 0.58287 0.090625 0.106481
2 0.424479 0.488889 0.0833333 0.122222
2 0.330469 0.487037 0.0973958 0.101852
