2 0.345833 0.506481 0.107292 0.146296
2 0.0145833 0.675 0.0291667 0.209259
2 0.263281 0.312037 0.0796875 0.0666667
2 0.0369792 0.316204 0.0572917 0.106481
2 0.53151 0.225926 0.0598958 0.112963
2 0.329427 0.477778 0.0796875 0.103704
2 0.36276 0.55 0.0973958 0.111111
2 0.477083 0.151852 0.059375 0.0740741
2 0.528385 0.503704 0.0598958 0.101852
2 0.416146 0.188426 0.0541667 0.0861111
2 0.247135 0.582407 0.0921875 0.114815
2 0.259635 0.229167 0.0838542 0.0972222
2 0.561198 0.39537 0.0671875 0.0851852
2 0.610937 0.484259 0.108333 0.127778
2 0.41849 0.268056 0.0765625 0.0898148
2 0.2875 0.386111 0.0895833 0.103704
2 0.538021 0.327315 0.06875 0.0935185
2 0.469271 0.491667 0.0666667 0.0851852
2 0.44401 0.417593 0.0859375 0.0777778
2 0.548958 0.120833 0.05625 0.0712963
2 0.460417 0.3375 0.0791667 0.0731481
