2 0.322135 0.628241 0.0953125 0.132407
2 0.377083 0.700926 0.132292 0.109259
2 0.9875 0.0361111 0.025 0.0722222
2 0.940885 0.0439815 0.0661458 0.0805556
2 0.86849 0.0435185 0.0661458 0.0833333
2 0.0679687 0.402315 0.130729 0.187963
2 0.135937 0.699537 0.0989583 0.119444
2 0.188802 0.790741 0.116146 0.137037
2 0.296354 0.287963 0.065625 0.0814815
2 0.409375 0.711111 0.06875 0.111111
2 0.372135 0.215741 0.0890625 0.0981481
2 0.459896 0.264815 0.0666667 0.0833333
2 0.345573 0.682407 0.0786458 0.111111
2 0.299479 0.600926 0.0979167 0.1
2 0.0682292 0.594907 0.0916667 0.156481
2 0.483333 0.169444 0.071875 0.0925926
2 0.0408854 0.833333 0.0807292 0.146296
2 0.44349 0.35787 0.0723958 0.087963
2 0.425521 0.494444 0.0854167 0.12037
2 0.27526 0.399537 0.0921875 0.123148
2 0.454167 0.5875 0.0895833 0.10463
2 0.49974 0.715278 0.116146 0.137963
2 0.331771 0.491667 0.0947917 0.1
