2 0.867708 0.0472222 0.0645833 0.0814815
2 0.9875 0.037037 0.025 0.0703704
2 0.941667 0.0453704 0.0604167 0.0777778
2 0.0643229 0.407407 0.119271 0.185185
2 0.297917 0.294907 0.0666667 0.0787037
2 0.409896 0.714815 0.065625 0.109259
2 0.36875 0.218519 0.0958333 0.1
2 0.426042 0.500463 0.084375 0.117593
2 0.188281 0.796759 0.116146 0.137963
2 0.1375 0.704167 0.0979167 0.121296
2 0.459635 0.269907 0.0661458 0.0824074
2 0.0414063 0.839815 0.0817708 0.15
2 0.483073 0.175926 0.0734375 0.0888889
2 0.0697917 0.603241 0.0916667 0.152778
2 0.3 0.60787 0.096875 0.102778
2 0.276823 0.405093 0.0921875 0.119444
2 0.44375 0.363426 0.0739583 0.087963
2 0.50026 0.719444 0.118229 0.135185
2 0.346094 0.6875 0.0786458 0.108333
2 0.333073 0.496759 0.0963542 0.100926
2 0.455208 0.593982 0.090625 0.102778
