2 0.913542 0.0175926 0.06875 0.0351852
2 0.155469 0.755556 0.136979 0.201852
2 0.864844 0.0472222 0.0671875 0.0796296
2 0.940625 0.0486111 0.0604167 0.0787037
2 0.986458 0.0375 0.0270833 0.075
2 0.180208 0.798611 0.129167 0.137963
2 0.0690104 0.413889 0.130729 0.183333
2 0.136458 0.706019 0.0979167 0.119444
2 0.42526 0.503241 0.0859375 0.119444
2 0.361719 0.220833 0.109896 0.100926
2 0.297396 0.300926 0.0666667 0.0796296
2 0.408073 0.717593 0.0661458 0.109259
2 0.459115 0.271759 0.0671875 0.0805556
2 0.27474 0.408796 0.0942708 0.125
2 0.483594 0.181019 0.0734375 0.0898148
2 0.298177 0.610648 0.0973958 0.102778
2 0.33151 0.500926 0.0953125 0.0981481
2 0.442969 0.366667 0.0734375 0.0888889
2 0.0401042 0.845833 0.0791667 0.139815
2 0.0679687 0.603241 0.0911458 0.158333
2 0.497917 0.721759 0.117708 0.134259
2 0.345573 0.690278 0.0796875 0.106481
2 0.452604 0.597222 0.0927083 0.103704
