2 0.908594 0.0175926 0.0692708 0.0351852
2 0.861979 0.0537037 0.065625 0.0759259
2 0.936979 0.05 0.059375 0.0777778
2 0.403646 0.720833 0.065625 0.108333
2 0.983854 0.037963 0.0322917 0.0722222
2 0.18151 0.79537 0.118229 0.133333
2 0.366667 0.224537 0.0916667 0.0990741
2 0.29349 0.3 0.0661458 0.0833333
2 0.0671875 0.414352 0.132292 0.178704
2 0.13099 0.702315 0.0994792 0.119444
2 0.341927 0.685648 0.0796875 0.106481
2 0.456771 0.271296 0.0666667 0.0796296
2 0.328906 0.500463 0.0963542 0.102778
2 0.29401 0.609259 0.0994792 0.101852
2 0.479688 0.178704 0.071875 0.0888889
2 0.448698 0.597685 0.0901042 0.110185
2 0.270573 0.409259 0.0973958 0.124074
2 0.419792 0.502315 0.084375 0.119444
2 0.0632813 0.602778 0.0901042 0.151852
2 0.0385417 0.843982 0.0760417 0.137963
2 0.439323 0.366204 0.0723958 0.087963
2 0.494271 0.722222 0.120833 0.137037
