2 0.90651 0.0185185 0.0713542 0.037037
2 0.0648438 0.412037 0.126563 0.175926
2 0.933333 0.0509259 0.0614583 0.0759259
2 0.858073 0.0462963 0.0661458 0.087037
2 0.982552 0.0375 0.0348958 0.075
2 0.18099 0.795833 0.108854 0.134259
2 0.402604 0.716667 0.0666667 0.112963
2 0.127865 0.702778 0.101562 0.12037
2 0.289062 0.296759 0.06875 0.0805556
2 0.36224 0.22037 0.0953125 0.1
2 0.326042 0.496759 0.096875 0.100926
2 0.3375 0.686111 0.078125 0.111111
2 0.455208 0.268981 0.0666667 0.0805556
2 0.0596354 0.603241 0.0911458 0.149074
2 0.477344 0.173148 0.0723958 0.0925926
2 0.291667 0.606481 0.0989583 0.1
2 0.268229 0.406019 0.0958333 0.121296
2 0.0369792 0.841667 0.0739583 0.138889
2 0.445312 0.594907 0.090625 0.108333
2 0.418229 0.501852 0.084375 0.118519
2 0.491927 0.721759 0.118229 0.136111
2 0.436458 0.363889 0.0729167 0.087037
