2 0.0622396 0.408796 0.123438 0.186111
2 0.857031 0.0481481 0.0682292 0.0888889
2 0.932552 0.0532407 0.0598958 0.075
2 0.180469 0.794907 0.107813 0.132407
2 0.127083 0.699537 0.102083 0.119444
2 0.353125 0.218981 0.110417 0.100926
2 0.400781 0.713889 0.0671875 0.111111
2 0.28776 0.296759 0.0682292 0.0768519
2 0.982031 0.0416667 0.0359375 0.0777778
2 0.323958 0.495833 0.0979167 0.0990741
2 0.335677 0.684259 0.0765625 0.111111
2 0.477083 0.177778 0.0708333 0.087037
2 0.454427 0.269907 0.0671875 0.0805556
2 0.288802 0.606019 0.0984375 0.100926
2 0.0580729 0.602315 0.0901042 0.152778
2 0.0359375 0.8375 0.071875 0.143519
2 0.267188 0.403241 0.0947917 0.121296
2 0.444271 0.593982 0.090625 0.106481
2 0.435156 0.363889 0.0723958 0.087037
2 0.416667 0.500926 0.0833333 0.12037
2 0.489844 0.719907 0.117188 0.136111
