2 0.930208 0.0490741 0.0645833 0.0759259
2 0.981771 0.0393519 0.0364583 0.0768519
2 0.85651 0.0462963 0.0682292 0.0833333
2 0.125521 0.693519 0.0989583 0.122222
2 0.178646 0.785648 0.115625 0.137963
2 0.0604167 0.401852 0.119792 0.187037
2 0.39974 0.710648 0.0692708 0.110185
2 0.286458 0.291667 0.0697917 0.0740741
2 0.367448 0.216204 0.0807292 0.100926
2 0.0570313 0.596759 0.0901042 0.149074
2 0.335156 0.680093 0.0765625 0.112037
2 0.288802 0.600926 0.0994792 0.1
2 0.475521 0.170833 0.071875 0.0916667
2 0.453125 0.265741 0.0666667 0.0796296
2 0.44401 0.5875 0.0880208 0.102778
2 0.0354167 0.832407 0.0708333 0.146296
2 0.265625 0.399537 0.0947917 0.121296
2 0.435417 0.360185 0.0739583 0.0888889
2 0.416667 0.496296 0.084375 0.116667
2 0.322917 0.490741 0.0979167 0.0981481
2 0.489583 0.715741 0.119792 0.137037
