2 0.932552 0.0435185 0.0609375 0.0740741
2 0.124479 0.69213 0.101042 0.119444
2 0.178646 0.781482 0.117708 0.137037
2 0.0635417 0.402315 0.125 0.184259
2 0.858073 0.0444444 0.0661458 0.0814815
2 0.352604 0.213426 0.111458 0.0990741
2 0.286198 0.289352 0.0692708 0.0731481
2 0.982031 0.0356481 0.0359375 0.0712963
2 0.40026 0.706944 0.0682292 0.108333
2 0.0578125 0.592593 0.0916667 0.151852
2 0.453646 0.259722 0.065625 0.0768519
2 0.47526 0.168056 0.0713542 0.0916667
2 0.288802 0.597685 0.100521 0.0990741
2 0.335417 0.678241 0.0770833 0.110185
2 0.44401 0.584722 0.0880208 0.102778
2 0.0361979 0.830093 0.0723958 0.141667
2 0.265625 0.396759 0.0958333 0.117593
2 0.416146 0.49213 0.0833333 0.117593
2 0.435937 0.356481 0.0729167 0.0888889
2 0.489062 0.7125 0.11875 0.134259
2 0.323177 0.487963 0.0973958 0.0962963
