2 0.122656 0.688889 0.0994792 0.116667
2 0.175 0.779167 0.121875 0.139815
2 0.0632813 0.4 0.124479 0.190741
2 0.932552 0.0398148 0.0630208 0.0740741
2 0.352344 0.211111 0.109896 0.0981481
2 0.398698 0.705556 0.0682292 0.109259
2 0.284115 0.287037 0.0723958 0.0740741
2 0.858333 0.0416667 0.065625 0.0777778
2 0.452865 0.256019 0.0651042 0.0787037
2 0.982031 0.0333333 0.0359375 0.0666667
2 0.0572917 0.593056 0.0895833 0.150926
2 0.0354167 0.826852 0.0708333 0.146296
2 0.474479 0.164815 0.0697917 0.0925926
2 0.435156 0.350463 0.0723958 0.0861111
2 0.442708 0.581481 0.0875 0.105556
2 0.335417 0.674074 0.078125 0.111111
2 0.28724 0.594907 0.0984375 0.0990741
2 0.415104 0.488426 0.0822917 0.117593
2 0.264844 0.392593 0.0942708 0.12037
2 0.488021 0.710185 0.11875 0.135185
2 0.321875 0.484722 0.0979167 0.0953704
