2 0.0606771 0.393519 0.119271 0.192593
2 0.119531 0.687037 0.100521 0.114815
2 0.176302 0.77963 0.111979 0.137037
2 0.928385 0.0398148 0.0661458 0.0777778
2 0.369792 0.208333 0.06875 0.0962963
2 0.0549479 0.589815 0.0890625 0.151852
2 0.85651 0.0412037 0.0661458 0.075
2 0.45 0.253704 0.065625 0.0796296
2 0.396875 0.699074 0.065625 0.116667
2 0.282552 0.281944 0.0692708 0.0787037
2 0.0330729 0.823148 0.0661458 0.15
2 0.98099 0.0328704 0.0380208 0.0657407
2 0.333333 0.674537 0.0802083 0.110185
2 0.472656 0.163889 0.0723958 0.0851852
2 0.432813 0.347685 0.0729167 0.087963
2 0.285417 0.593056 0.102083 0.100926
2 0.441146 0.57963 0.0916667 0.103704
2 0.4125 0.486574 0.0822917 0.117593
2 0.26276 0.391667 0.0932292 0.12037
2 0.486198 0.70787 0.118229 0.136111
2 0.31849 0.482407 0.0973958 0.0962963
