2 0.015625 0.688426 0.03125 0.206481
2 0.532031 0.200926 0.0609375 0.0814815
2 0.263802 0.310648 0.0807292 0.0657407
2 0.330208 0.477778 0.0802083 0.103704
2 0.533594 0.248148 0.0640625 0.0685185
2 0.0372396 0.314352 0.0578125 0.106481
2 0.357031 0.546296 0.109896 0.12037
2 0.474219 0.148611 0.0640625 0.0731481
2 0.528646 0.502778 0.059375 0.105556
2 0.247656 0.582407 0.0932292 0.118519
2 0.416146 0.186574 0.0541667 0.0898148
2 0.260156 0.227315 0.0848958 0.0972222
2 0.561458 0.393981 0.0677083 0.0842593
2 0.286979 0.384259 0.090625 0.103704
2 0.538542 0.325 0.06875 0.0944444
2 0.44401 0.41713 0.0869792 0.0787037
2 0.470573 0.490741 0.0671875 0.087037
2 0.549219 0.118519 0.0578125 0.0740741
2 0.6125 0.484722 0.113542 0.132407
2 0.41875 0.265741 0.0770833 0.0907407
2 0.459896 0.336111 0.0791667 0.0740741
