2 0.0591146 0.393519 0.116146 0.190741
2 0.116406 0.686111 0.0984375 0.116667
2 0.0518229 0.589815 0.0901042 0.153704
2 0.447396 0.25463 0.0645833 0.0796296
2 0.16901 0.780556 0.121354 0.138889
2 0.92526 0.0393519 0.0640625 0.0768519
2 0.280208 0.282407 0.06875 0.0777778
2 0.364323 0.206019 0.0744792 0.0990741
2 0.853385 0.0407407 0.0630208 0.0759259
2 0.0302083 0.825 0.0604167 0.151852
2 0.39375 0.699537 0.065625 0.115741
2 0.979427 0.0333333 0.0411458 0.0666667
2 0.470052 0.163426 0.0744792 0.0898148
2 0.33125 0.674074 0.0791667 0.109259
2 0.282813 0.593982 0.101042 0.100926
2 0.43099 0.349074 0.0734375 0.0907407
2 0.438542 0.57963 0.0895833 0.101852
2 0.411719 0.4875 0.0848958 0.117593
2 0.259635 0.39213 0.0932292 0.121296
2 0.316927 0.484259 0.0994792 0.0981481
2 0.483073 0.709259 0.119271 0.135185
