2 0.0497396 0.593056 0.0901042 0.150926
2 0.113021 0.689815 0.1 0.12037
2 0.0565104 0.393981 0.111979 0.191667
2 0.922917 0.0407407 0.065625 0.0777778
2 0.354948 0.206019 0.0901042 0.0990741
2 0.166146 0.780556 0.121875 0.137037
2 0.278385 0.281944 0.0682292 0.0787037
2 0.445052 0.256019 0.0640625 0.0824074
2 0.851302 0.0421296 0.0640625 0.0768519
2 0.0296875 0.823611 0.059375 0.150926
2 0.978125 0.0333333 0.04375 0.0648148
2 0.391927 0.700926 0.0671875 0.116667
2 0.329167 0.672685 0.0822917 0.106481
2 0.467708 0.162963 0.0729167 0.087037
2 0.282031 0.594907 0.102604 0.100926
2 0.314844 0.484722 0.0994792 0.0990741
2 0.428385 0.35 0.0723958 0.0907407
2 0.257552 0.391667 0.0953125 0.122222
2 0.436719 0.580093 0.0901042 0.10463
2 0.482292 0.711111 0.11875 0.135185
2 0.409375 0.487963 0.0833333 0.118519
