2 0.295573 0.443519 0.120312 0.137037
2 0.352604 0.205556 0.09375 0.1
2 0.0463542 0.590278 0.090625 0.150926
2 0.278125 0.281944 0.06875 0.0787037
2 0.113281 0.6875 0.0984375 0.119444
2 0.442969 0.25463 0.0630208 0.0814815
2 0.167708 0.781482 0.115625 0.137037
2 0.0289063 0.822222 0.0578125 0.153704
2 0.390365 0.701852 0.0661458 0.114815
2 0.977083 0.0324074 0.0458333 0.0648148
2 0.919271 0.0398148 0.0645833 0.0777778
2 0.0567708 0.393519 0.1125 0.196296
2 0.466406 0.164815 0.0734375 0.0814815
2 0.849219 0.0407407 0.0640625 0.0759259
2 0.28151 0.593982 0.104687 0.102778
2 0.328385 0.670833 0.0828125 0.106481
2 0.313542 0.482407 0.0979167 0.0981481
2 0.425781 0.348148 0.0723958 0.0907407
2 0.25599 0.390278 0.0942708 0.123148
2 0.48099 0.708796 0.118229 0.134259
2 0.434896 0.57963 0.0895833 0.103704
2 0.407813 0.487037 0.084375 0.12037
