2 0.354688 0.205093 0.0833333 0.0990741
2 0.0557292 0.39213 0.109375 0.193519
2 0.976042 0.0333333 0.0479167 0.0666667
2 0.276563 0.281944 0.0677083 0.0787037
2 0.389062 0.699074 0.06875 0.114815
2 0.1125 0.685648 0.0979167 0.115741
2 0.918229 0.0375 0.0625 0.0731481
2 0.0276042 0.825463 0.0552083 0.149074
2 0.165365 0.781944 0.117188 0.137963
2 0.439844 0.252778 0.0661458 0.0814815
2 0.327344 0.669907 0.0828125 0.108333
2 0.0445312 0.588889 0.0880208 0.151852
2 0.463021 0.162037 0.0739583 0.0833333
2 0.847396 0.0402778 0.0645833 0.0768519
2 0.279427 0.592593 0.101562 0.101852
2 0.423958 0.346759 0.0729167 0.0898148
2 0.311198 0.48287 0.0984375 0.0990741
2 0.253125 0.390278 0.0947917 0.125
2 0.432031 0.577778 0.0911458 0.103704
2 0.478646 0.708333 0.114583 0.133333
2 0.405469 0.486111 0.0838542 0.118519
