2 0.341406 0.205556 0.105729 0.0962963
2 0.110417 0.689815 0.0947917 0.114815
2 0.0263021 0.825926 0.0526042 0.148148
2 0.1625 0.782407 0.117708 0.140741
2 0.272396 0.282407 0.0697917 0.0796296
2 0.914323 0.0398148 0.0640625 0.0759259
2 0.386458 0.700463 0.0697917 0.115741
2 0.438802 0.254167 0.0661458 0.0824074
2 0.27526 0.594444 0.101562 0.1
2 0.0541667 0.392593 0.107292 0.2
2 0.974479 0.0333333 0.0510417 0.0666667
2 0.322135 0.672685 0.0796875 0.108333
2 0.84375 0.0412037 0.0635417 0.075
2 0.0424479 0.589352 0.0838542 0.15463
2 0.460417 0.162963 0.071875 0.0833333
2 0.422135 0.347222 0.0734375 0.0907407
2 0.250521 0.390741 0.09375 0.125926
2 0.476302 0.710185 0.115104 0.135185
2 0.429688 0.579167 0.0895833 0.10463
2 0.402604 0.487037 0.0833333 0.12037
2 0.307813 0.484259 0.0989583 0.1
