2 0.107552 0.690278 0.0953125 0.119444
2 0.0247396 0.825463 0.0494792 0.158333
2 0.159635 0.780093 0.118229 0.137963
2 0.0533854 0.399074 0.106771 0.198148
2 0.911458 0.0398148 0.0645833 0.0759259
2 0.436979 0.254167 0.0666667 0.0805556
2 0.840885 0.0412037 0.0651042 0.075
2 0.267969 0.28287 0.0692708 0.0787037
2 0.382812 0.699074 0.0697917 0.114815
2 0.973177 0.0337963 0.0526042 0.0675926
2 0.35026 0.206481 0.0796875 0.0962963
2 0.318229 0.673148 0.078125 0.107407
2 0.419271 0.347222 0.0739583 0.0888889
2 0.271094 0.593982 0.101562 0.0990741
2 0.0401042 0.590741 0.0802083 0.15
2 0.458333 0.163426 0.0708333 0.0842593
2 0.248177 0.391667 0.0942708 0.127778
2 0.427344 0.581019 0.0932292 0.106481
2 0.399479 0.488426 0.0833333 0.123148
2 0.472656 0.709259 0.116146 0.135185
2 0.304427 0.485648 0.0984375 0.100926
