2 0.0510417 0.399537 0.102083 0.191667
2 0.380208 0.70463 0.06875 0.109259
2 0.347917 0.208796 0.0833333 0.0953704
2 0.0223958 0.833796 0.0447917 0.147222
2 0.908333 0.0393519 0.0635417 0.075
2 0.102344 0.69213 0.103646 0.119444
2 0.8375 0.0416667 0.0666667 0.0759259
2 0.266146 0.28287 0.06875 0.0824074
2 0.160156 0.787037 0.111979 0.137037
2 0.434375 0.256019 0.0666667 0.0824074
2 0.315104 0.675926 0.078125 0.109259
2 0.42474 0.583796 0.0911458 0.106481
2 0.971354 0.0333333 0.0572917 0.0666667
2 0.415885 0.350463 0.0723958 0.0916667
2 0.0377604 0.594444 0.0755208 0.148148
2 0.455469 0.163889 0.0723958 0.0851852
2 0.24401 0.39537 0.0963542 0.124074
2 0.26849 0.596296 0.102604 0.1
2 0.46901 0.712037 0.118229 0.137037
2 0.396875 0.491204 0.0833333 0.123148
2 0.302604 0.487963 0.0989583 0.103704
