2 0.0408854 0.401389 0.0817708 0.184259
2 0.904688 0.0412037 0.0635417 0.075
2 0.0197917 0.839815 0.0395833 0.166667
2 0.833073 0.0435185 0.0651042 0.0777778
2 0.375781 0.709722 0.0671875 0.112037
2 0.328385 0.215278 0.117188 0.0953704
2 0.967708 0.0337963 0.0604167 0.0675926
2 0.26224 0.289352 0.0713542 0.0768519
2 0.15599 0.791204 0.110937 0.136111
2 0.264062 0.601389 0.101042 0.102778
2 0.311719 0.67963 0.0765625 0.112963
2 0.100781 0.697222 0.0973958 0.12037
2 0.431771 0.260648 0.0666667 0.0805556
2 0.420573 0.587037 0.0921875 0.101852
2 0.451562 0.168056 0.0729167 0.0898148
2 0.413021 0.355093 0.0739583 0.0935185
2 0.240885 0.4 0.0942708 0.124074
2 0.0356771 0.605556 0.0713542 0.148148
2 0.298958 0.491204 0.0979167 0.0972222
2 0.392708 0.494907 0.084375 0.121296
2 0.464844 0.713889 0.119271 0.137037
