2 0.274479 0.547685 0.108333 0.202778
2 0.0158854 0.856944 0.0317708 0.150926
2 0.0398437 0.405093 0.0796875 0.182407
2 0.334635 0.215278 0.0942708 0.0990741
2 0.827604 0.0449074 0.0625 0.0787037
2 0.898698 0.0430556 0.0619792 0.0768519
2 0.369792 0.712037 0.065625 0.112963
2 0.964583 0.0361111 0.065625 0.0722222
2 0.14349 0.798611 0.120312 0.137963
2 0.0895833 0.701852 0.102083 0.12037
2 0.448958 0.168981 0.071875 0.0898148
2 0.255729 0.291667 0.06875 0.0796296
2 0.426042 0.262963 0.0666667 0.0851852
2 0.258854 0.606481 0.101042 0.105556
2 0.0322917 0.604167 0.0645833 0.152778
2 0.414323 0.589352 0.0901042 0.102778
2 0.234896 0.400926 0.0927083 0.122222
2 0.308073 0.685648 0.0807292 0.113889
2 0.407813 0.358796 0.0729167 0.0898148
2 0.386198 0.495833 0.0848958 0.119444
2 0.292708 0.491667 0.0979167 0.1
2 0.459375 0.716667 0.11875 0.137037
