2 0.0130208 0.854167 0.0260417 0.167593
2 0.317969 0.219444 0.110937 0.101852
2 0.820312 0.0476852 0.0635417 0.0805556
2 0.957292 0.0388889 0.0635417 0.0759259
2 0.0434896 0.412037 0.0869792 0.183333
2 0.891406 0.0472222 0.0619792 0.0796296
2 0.134375 0.802778 0.123958 0.138889
2 0.363802 0.715741 0.0661458 0.114815
2 0.41875 0.264815 0.065625 0.0814815
2 0.0854167 0.706481 0.1 0.12037
2 0.300781 0.6875 0.0786458 0.112037
2 0.251302 0.294444 0.0692708 0.0777778
2 0.0289063 0.601852 0.0578125 0.161111
2 0.253646 0.608796 0.1 0.10463
2 0.44401 0.17037 0.0765625 0.0925926
2 0.408854 0.59213 0.0895833 0.102778
2 0.454688 0.718518 0.115625 0.137037
2 0.286719 0.497222 0.0984375 0.103704
2 0.401042 0.360185 0.0729167 0.0907407
2 0.379948 0.5 0.0859375 0.12037
2 0.227865 0.40463 0.0942708 0.125926
