2 0.0166667 0.688889 0.0333333 0.212963
2 0.332031 0.47963 0.0796875 0.101852
2 0.264062 0.312037 0.0822917 0.0666667
2 0.533333 0.225463 0.0604167 0.113889
2 0.0375 0.31713 0.053125 0.10463
2 0.357031 0.54537 0.111979 0.122222
2 0.476562 0.150463 0.0635417 0.0787037
2 0.530469 0.503241 0.0598958 0.102778
2 0.417448 0.185185 0.0526042 0.0833333
2 0.25 0.582407 0.0916667 0.114815
2 0.261719 0.23287 0.0869792 0.0935185
2 0.56276 0.397685 0.0671875 0.0861111
2 0.613021 0.486111 0.110417 0.12963
2 0.472135 0.492593 0.0671875 0.087037
2 0.540104 0.327778 0.06875 0.0944444
2 0.288281 0.385648 0.0911458 0.100926
2 0.550521 0.12037 0.059375 0.0722222
2 0.421875 0.26713 0.0770833 0.0935185
2 0.446354 0.418981 0.0875 0.0787037
2 0.461719 0.338889 0.0796875 0.0740741
