2 0.0171875 0.37963 0.034375 0.148148
2 0.0421875 0.422685 0.084375 0.191667
2 0.860156 0.0189815 0.0682292 0.037963
2 0.81224 0.0550926 0.0630208 0.075
2 0.321094 0.222222 0.0932292 0.0944444
2 0.130729 0.80787 0.116667 0.136111
2 0.0236979 0.606481 0.0473958 0.161111
2 0.883854 0.0537037 0.0625 0.0740741
2 0.95599 0.0430556 0.0755208 0.0824074
2 0.0786458 0.710648 0.1 0.117593
2 0.358594 0.719907 0.0651042 0.113889
2 0.413281 0.269444 0.0651042 0.0796296
2 0.245833 0.297685 0.0666667 0.0824074
2 0.374219 0.506019 0.0859375 0.121296
2 0.221615 0.409722 0.0963542 0.126852
2 0.436458 0.176389 0.0708333 0.087963
2 0.295312 0.691667 0.0802083 0.105556
2 0.246094 0.615741 0.0994792 0.103704
2 0.447917 0.723148 0.115625 0.135185
2 0.395573 0.364352 0.0723958 0.087963
2 0.280469 0.503241 0.0984375 0.0972222
2 0.402865 0.598611 0.0932292 0.102778
