2 0.0325521 0.426852 0.0651042 0.188889
2 0.0697917 0.718056 0.0989583 0.113889
2 0.304167 0.22963 0.116667 0.0925926
2 0.84974 0.0217593 0.0651042 0.0435185
2 0.113802 0.814352 0.133854 0.139815
2 0.805208 0.0625 0.059375 0.0712963
2 0.876042 0.0587963 0.0614583 0.075
2 0.0192708 0.622685 0.0385417 0.167593
2 0.352083 0.726852 0.0666667 0.118519
2 0.236719 0.30463 0.0713542 0.0814815
2 0.944531 0.0453704 0.0713542 0.0777778
2 0.40651 0.273611 0.0661458 0.0805556
2 0.43099 0.180093 0.0703125 0.0898148
2 0.286198 0.698148 0.0796875 0.111111
2 0.214062 0.415741 0.0989583 0.12037
2 0.236979 0.622222 0.101042 0.101852
2 0.367448 0.509722 0.0848958 0.121296
2 0.388021 0.369907 0.0739583 0.087963
2 0.439844 0.730556 0.115104 0.133333
2 0.272656 0.506481 0.101562 0.0981481
2 0.394792 0.602315 0.090625 0.102778
