2 0.0132813 0.639352 0.0265625 0.176852
2 0.0296875 0.446296 0.059375 0.172222
2 0.778906 0.025 0.0505208 0.0481481
2 0.933594 0.049537 0.0682292 0.0805556
2 0.396615 0.280556 0.0640625 0.0833333
2 0.0614583 0.72963 0.090625 0.12037
2 0.840885 0.0240741 0.0630208 0.0481481
2 0.305729 0.2375 0.0947917 0.0990741
2 0.11224 0.826389 0.115104 0.137963
2 0.796615 0.0726852 0.0598958 0.0601852
2 0.422656 0.186574 0.0703125 0.0935185
2 0.866667 0.0662037 0.0572917 0.0731481
2 0.229427 0.312037 0.0682292 0.0814815
2 0.342187 0.730093 0.0635417 0.119444
2 0.229687 0.627778 0.104167 0.1
2 0.278906 0.703704 0.0817708 0.105556
2 0.263021 0.515278 0.0979167 0.0953704
2 0.204688 0.422222 0.09375 0.12037
2 0.378646 0.376389 0.0729167 0.087963
2 0.386719 0.610185 0.0880208 0.0981481
2 0.358854 0.518056 0.084375 0.121296
2 0.43125 0.737037 0.117708 0.135185
