2 0.00859375 0.652315 0.0171875 0.141667
2 0.0257812 0.475926 0.0515625 0.135185
2 0.291667 0.243519 0.101042 0.0888889
2 0.766406 0.0273148 0.0505208 0.0527778
2 0.828125 0.0282407 0.0635417 0.0564815
2 0.855469 0.0731481 0.0578125 0.0685185
2 0.933333 0.0597222 0.09375 0.0842593
2 0.332292 0.740741 0.06875 0.114815
2 0.0497396 0.738889 0.0942708 0.124074
2 0.784896 0.0777778 0.0583333 0.0666667
2 0.104167 0.838426 0.108333 0.137963
2 0.266667 0.714352 0.0791667 0.106481
2 0.217187 0.317593 0.06875 0.0814815
2 0.217187 0.6375 0.10625 0.100926
2 0.388021 0.285648 0.0635417 0.0787037
2 0.410937 0.19213 0.06875 0.087963
2 0.376042 0.618981 0.0875 0.10463
2 0.369792 0.381944 0.0729167 0.0898148
2 0.422656 0.747685 0.116146 0.137963
2 0.252604 0.524074 0.1 0.1
2 0.348698 0.526852 0.0828125 0.122222
2 0.19349 0.430093 0.0942708 0.123148
