2 0.0200521 0.490741 0.0401042 0.122222
2 0.989844 0.0694444 0.0203125 0.0648148
2 0.913802 0.0671296 0.0786458 0.0824074
2 0.284896 0.250463 0.0947917 0.0972222
2 0.772917 0.0861111 0.059375 0.0648148
2 0.816667 0.0305556 0.0604167 0.0611111
2 0.755729 0.0296296 0.0489583 0.0574074
2 0.842448 0.0824074 0.0578125 0.0703704
2 0.321094 0.756019 0.0661458 0.113889
2 0.377865 0.292593 0.0651042 0.0833333
2 0.0421875 0.748148 0.084375 0.124074
2 0.401042 0.202778 0.0697917 0.0851852
2 0.205469 0.326389 0.0692708 0.0824074
2 0.20625 0.650926 0.103125 0.109259
2 0.257812 0.725926 0.08125 0.118519
2 0.359896 0.390278 0.0739583 0.0916667
2 0.0888021 0.851852 0.120312 0.142593
2 0.366667 0.627315 0.0916667 0.106481
2 0.336979 0.533796 0.0833333 0.121296
2 0.181771 0.441204 0.0958333 0.128704
2 0.242708 0.531944 0.101042 0.100926
2 0.411198 0.756481 0.119271 0.140741
