2 0.934375 0.0773148 0.0427083 0.0657407
2 0.0138021 0.495833 0.0276042 0.117593
2 0.982292 0.075463 0.034375 0.0583333
2 0.892187 0.0708333 0.0604167 0.075
2 0.265625 0.254167 0.109375 0.0935185
2 0.36849 0.3 0.0661458 0.0833333
2 0.830469 0.0851852 0.0578125 0.0685185
2 0.761198 0.0907407 0.0578125 0.0611111
2 0.311719 0.759722 0.0682292 0.119444
2 0.194271 0.331944 0.071875 0.0842593
2 0.74349 0.0310185 0.0494792 0.062037
2 0.392448 0.20463 0.0734375 0.0907407
2 0.246875 0.730093 0.08125 0.115741
2 0.195833 0.656482 0.105208 0.107407
2 0.804948 0.0333333 0.0598958 0.0666667
2 0.357292 0.631481 0.090625 0.105556
2 0.0815104 0.85463 0.115104 0.142593
2 0.35 0.39537 0.075 0.0944444
2 0.0356771 0.757407 0.0713542 0.135185
2 0.169531 0.448611 0.0994792 0.130556
2 0.23125 0.539815 0.1 0.105556
2 0.403646 0.758333 0.116667 0.137037
2 0.328125 0.537963 0.0854167 0.122222
