2 0.892708 0.0648148 0.084375 0.0814815
2 0.733073 0.0287037 0.0505208 0.0574074
2 0.0299479 0.75787 0.0598958 0.136111
2 0.302344 0.755093 0.0682292 0.117593
2 0.751302 0.0856481 0.0567708 0.0638889
2 0.251042 0.253704 0.119792 0.0925926
2 0.793229 0.0310185 0.0572917 0.062037
2 0.358333 0.295833 0.0666667 0.0805556
2 0.818229 0.0800926 0.0572917 0.0694444
2 0.18151 0.330556 0.0723958 0.0851852
2 0.0703125 0.856019 0.120833 0.147222
2 0.347135 0.628241 0.0932292 0.102778
2 0.236979 0.730556 0.0791667 0.118519
2 0.340365 0.391667 0.0744792 0.0907407
2 0.185677 0.655556 0.103646 0.107407
2 0.38125 0.202315 0.0697917 0.0842593
2 0.157292 0.448148 0.1 0.131481
2 0.318229 0.536574 0.0875 0.121296
2 0.221354 0.536111 0.101042 0.0981481
2 0.392188 0.755556 0.120833 0.138889
