2 0.967969 0.0592593 0.0578125 0.0611111
2 0.239844 0.253704 0.121354 0.0944444
2 0.722396 0.0263889 0.053125 0.0527778
2 0.0255208 0.746759 0.0510417 0.117593
2 0.347917 0.29537 0.0645833 0.0851852
2 0.882552 0.0578704 0.0890625 0.0787037
2 0.808594 0.0712963 0.0526042 0.0666667
2 0.78099 0.0277778 0.0588542 0.0555556
2 0.29401 0.760648 0.0651042 0.119444
2 0.740104 0.0796296 0.0572917 0.0611111
2 0.178906 0.6625 0.113021 0.108333
2 0.229167 0.737037 0.0833333 0.112963
2 0.171354 0.334259 0.0697917 0.0833333
2 0.0632813 0.865741 0.116146 0.15
2 0.146615 0.452778 0.100521 0.133333
2 0.370573 0.199074 0.0723958 0.0907407
2 0.338542 0.631481 0.0916667 0.103704
2 0.33151 0.393056 0.0755208 0.0916667
2 0.210677 0.541667 0.101562 0.1
2 0.308333 0.539815 0.0864583 0.12037
2 0.385156 0.759722 0.120312 0.139815
