2 0.71224 0.0287037 0.0526042 0.0574074
2 0.0197917 0.755556 0.0395833 0.155556
2 0.728906 0.087037 0.0567708 0.0648148
2 0.76875 0.0305556 0.059375 0.0611111
2 0.25026 0.266667 0.0828125 0.0981481
2 0.794531 0.0824074 0.0578125 0.0722222
2 0.871094 0.0666667 0.0848958 0.0833333
2 0.161719 0.35 0.0723958 0.087037
2 0.218229 0.751389 0.0833333 0.117593
2 0.285156 0.775463 0.0692708 0.121296
2 0.164844 0.678241 0.111979 0.106481
2 0.338802 0.306944 0.0661458 0.0824074
2 0.360417 0.2125 0.0708333 0.0861111
2 0.319792 0.406019 0.075 0.0916667
2 0.0567708 0.889352 0.107292 0.15463
2 0.298958 0.552315 0.0854167 0.123148
2 0.201302 0.55787 0.105729 0.102778
2 0.328906 0.646759 0.0953125 0.108333
2 0.375781 0.771296 0.116146 0.138889
2 0.13776 0.468981 0.100521 0.134259
