2 0.0125 0.765278 0.025 0.169444
2 0.821615 0.0273148 0.0661458 0.0546296
2 0.716146 0.0962963 0.05625 0.062963
2 0.852083 0.0763889 0.078125 0.0768519
2 0.235938 0.281019 0.084375 0.0972222
2 0.783594 0.0893519 0.0526042 0.0694444
2 0.698958 0.0351852 0.05 0.0666667
2 0.15026 0.361111 0.0692708 0.0851852
2 0.329167 0.316667 0.06875 0.0777778
2 0.273438 0.788889 0.0677083 0.116667
2 0.757552 0.0375 0.0557292 0.0731481
2 0.152604 0.694907 0.104167 0.110185
2 0.20651 0.764815 0.0807292 0.118519
2 0.350521 0.222685 0.0697917 0.087963
2 0.316927 0.660648 0.0921875 0.108333
2 0.186719 0.571759 0.103646 0.102778
2 0.28724 0.56713 0.0869792 0.123148
2 0.123177 0.483796 0.100521 0.134259
2 0.0481771 0.904167 0.0942708 0.162037
2 0.308594 0.418519 0.0765625 0.0925926
2 0.364062 0.786111 0.116667 0.138889
