2 0.0169271 0.687963 0.0338542 0.211111
2 0.535677 0.25787 0.0640625 0.0657407
2 0.332031 0.47963 0.0786458 0.101852
2 0.533854 0.222685 0.0604167 0.108333
2 0.264062 0.313426 0.0833333 0.0712963
2 0.0377604 0.31713 0.0546875 0.110185
2 0.365625 0.55463 0.0979167 0.116667
2 0.477344 0.153241 0.0630208 0.0805556
2 0.531771 0.507407 0.0625 0.101852
2 0.41901 0.187037 0.0536458 0.0796296
2 0.250521 0.583333 0.0916667 0.116667
2 0.261979 0.230556 0.0833333 0.0925926
2 0.563281 0.401389 0.0682292 0.087963
2 0.540885 0.331019 0.0692708 0.0935185
2 0.472396 0.494907 0.0677083 0.0861111
2 0.423177 0.268981 0.0765625 0.0935185
2 0.614844 0.488426 0.111979 0.128704
2 0.446615 0.42037 0.0859375 0.0777778
2 0.290104 0.388889 0.0895833 0.103704
2 0.552083 0.123148 0.0583333 0.0722222
2 0.4625 0.340278 0.0802083 0.075
