2 0.960156 0.0287037 0.0723958 0.0555556
2 0.228646 0.289815 0.0770833 0.0962963
2 0.808073 0.0300926 0.0630208 0.0583333
2 0.261979 0.802778 0.06875 0.112963
2 0.841927 0.0847222 0.0838542 0.0768519
2 0.703906 0.105556 0.0546875 0.062963
2 0.6875 0.0425926 0.0489583 0.0722222
2 0.767969 0.100926 0.0546875 0.0722222
2 0.315365 0.327778 0.0640625 0.0814815
2 0.176563 0.584722 0.102083 0.100926
2 0.195833 0.779167 0.0833333 0.113889
2 0.139062 0.706944 0.108333 0.106481
2 0.304688 0.673148 0.0927083 0.109259
2 0.134896 0.374074 0.0729167 0.0833333
2 0.0411458 0.920833 0.0822917 0.152778
2 0.336458 0.23287 0.071875 0.0916667
2 0.74349 0.0412037 0.0536458 0.0805556
2 0.275 0.579167 0.0864583 0.123148
2 0.353646 0.801389 0.117708 0.136111
2 0.109375 0.495833 0.104167 0.134259
2 0.296875 0.427778 0.0739583 0.0925926
