2 0.990104 0.0643518 0.0197917 0.0916667
2 0.200521 0.306481 0.110417 0.0962963
2 0.250781 0.819444 0.0671875 0.118519
2 0.675781 0.0606481 0.0515625 0.0712963
2 0.691927 0.124537 0.0546875 0.062037
2 0.757292 0.117593 0.053125 0.0685185
2 0.794271 0.0398148 0.0625 0.0740741
2 0.127604 0.725463 0.110417 0.106481
2 0.732292 0.0611111 0.0541667 0.0759259
2 0.126563 0.392593 0.0729167 0.087037
2 0.0341146 0.921296 0.0682292 0.157407
2 0.307292 0.344444 0.0677083 0.0851852
2 0.83099 0.103241 0.0848958 0.075
2 0.182031 0.796759 0.0828125 0.113889
2 0.944531 0.0361111 0.0651042 0.0685185
2 0.328646 0.249074 0.0708333 0.087037
2 0.164062 0.601389 0.104167 0.0972222
2 0.2875 0.444907 0.075 0.0898148
2 0.341146 0.81713 0.123958 0.137963
2 0.26224 0.598148 0.0869792 0.127778
2 0.0981771 0.513426 0.100521 0.134259
2 0.29401 0.6875 0.0921875 0.106481
