2 0.680469 0.137963 0.0536458 0.0611111
2 0.811198 0.114815 0.0682292 0.0703704
2 0.904427 0.116667 0.0630208 0.0574074
2 0.984375 0.0768519 0.03125 0.1
2 0.0286458 0.925 0.0572917 0.15
2 0.171094 0.812963 0.0828125 0.116667
2 0.933854 0.0476852 0.0625 0.0712963
2 0.202083 0.316667 0.0895833 0.0925926
2 0.238542 0.842593 0.065625 0.118519
2 0.720833 0.0736111 0.0552083 0.0768519
2 0.783854 0.0513889 0.0614583 0.0768519
2 0.746094 0.130556 0.0557292 0.0703704
2 0.665365 0.0763889 0.0536458 0.0675926
2 0.115625 0.745833 0.113542 0.113889
2 0.1125 0.406481 0.0739583 0.0888889
2 0.277604 0.459259 0.0770833 0.0907407
2 0.317708 0.261111 0.0770833 0.0851852
2 0.298698 0.356944 0.0713542 0.0842593
2 0.283594 0.707407 0.0932292 0.112963
2 0.252604 0.612963 0.0885417 0.12963
2 0.0861979 0.529167 0.101562 0.132407
2 0.150521 0.618519 0.107292 0.101852
2 0.332552 0.836111 0.122396 0.140741
