2 0.890104 0.130556 0.0583333 0.0555556
2 0.0278646 0.951389 0.0557292 0.0972222
2 0.671615 0.144907 0.0536458 0.0638889
2 0.978646 0.0875 0.0427083 0.0898148
2 0.921875 0.0611111 0.0604167 0.0722222
2 0.190365 0.334259 0.0932292 0.0962963
2 0.655208 0.0865741 0.0489583 0.0675926
2 0.805208 0.12963 0.0791667 0.0685185
2 0.275781 0.723148 0.0932292 0.111111
2 0.711458 0.0851852 0.0520833 0.0740741
2 0.734635 0.140741 0.0536458 0.0666667
2 0.103906 0.759722 0.113021 0.110185
2 0.229687 0.85787 0.071875 0.123148
2 0.102083 0.419907 0.0729167 0.0916667
2 0.771354 0.0657407 0.0583333 0.0759259
2 0.158333 0.831019 0.0833333 0.119444
2 0.141406 0.632407 0.103646 0.101852
2 0.0739583 0.54537 0.101042 0.135185
2 0.285417 0.369907 0.0697917 0.0842593
2 0.307813 0.274537 0.0729167 0.087963
2 0.266406 0.473611 0.0755208 0.0953704
2 0.323958 0.850926 0.119792 0.142593
2 0.242188 0.631481 0.0895833 0.133333
