2 0.426302 0.756019 0.0515625 0.0898148
2 0.0203125 0.952315 0.040625 0.0953704
2 0.989583 0.553241 0.0208333 0.0638889
2 0.882552 0.141667 0.0609375 0.0537037
2 0.169792 0.348148 0.119792 0.101852
2 0.646354 0.100463 0.0458333 0.0675926
2 0.663281 0.159722 0.0526042 0.0564815
2 0.971875 0.101852 0.053125 0.0962963
2 0.701563 0.102778 0.0541667 0.0722222
2 0.91224 0.0731481 0.0588542 0.0703704
2 0.223698 0.871296 0.0703125 0.122222
2 0.153646 0.850926 0.0854167 0.116667
2 0.797396 0.141204 0.08125 0.0675926
2 0.760677 0.0740741 0.0640625 0.0685185
2 0.727865 0.153704 0.0505208 0.0648148
2 0.096875 0.782407 0.110417 0.109259
2 0.300781 0.288426 0.0734375 0.0842593
2 0.0932292 0.438426 0.0739583 0.0935185
2 0.278906 0.384259 0.0661458 0.0888889
2 0.265365 0.738889 0.0942708 0.111111
2 0.260938 0.4875 0.0802083 0.0953704
2 0.234635 0.64537 0.0890625 0.131481
2 0.132552 0.652315 0.106771 0.100926
2 0.065625 0.562963 0.103125 0.133333
2 0.314844 0.868981 0.123438 0.141667
