2 0.421875 0.773611 0.0510417 0.0916667
2 0.986719 0.563889 0.0255208 0.0648148
2 0.754427 0.0916667 0.0609375 0.0759259
2 0.872656 0.153704 0.0640625 0.0518519
2 0.217708 0.888889 0.0666667 0.116667
2 0.639063 0.114352 0.046875 0.0694444
2 0.65651 0.176389 0.0567708 0.0675926
2 0.18099 0.36713 0.0817708 0.0990741
2 0.965365 0.114815 0.0588542 0.0925926
2 0.69401 0.114352 0.0546875 0.0768519
2 0.147656 0.869444 0.0859375 0.114815
2 0.720833 0.169444 0.053125 0.0722222
2 0.90026 0.0884259 0.0630208 0.0694444
2 0.792188 0.15463 0.08125 0.0759259
2 0.0908854 0.801389 0.108854 0.10463
2 0.297396 0.30463 0.078125 0.0888889
2 0.276823 0.401389 0.0692708 0.0842593
2 0.261198 0.75787 0.0921875 0.106481
2 0.128125 0.670833 0.10625 0.10463
2 0.0869792 0.459722 0.0729167 0.0898148
2 0.254167 0.505556 0.0802083 0.0944444
2 0.0609375 0.583333 0.103125 0.12963
2 0.229427 0.664815 0.0880208 0.127778
2 0.310156 0.888889 0.120312 0.140741
