2 0.991667 0.123148 0.0166667 0.0907407
2 0.865104 0.163426 0.05625 0.0509259
2 0.983854 0.575463 0.0322917 0.0638889
2 0.171354 0.381944 0.0927083 0.0953704
2 0.651823 0.183796 0.0526042 0.0601852
2 0.209896 0.903241 0.06875 0.117593
2 0.78151 0.166204 0.0796875 0.0694444
2 0.954687 0.119907 0.0510417 0.0805556
2 0.748438 0.102315 0.0614583 0.0787037
2 0.635677 0.125463 0.0453125 0.0694444
2 0.140365 0.887963 0.0838542 0.118519
2 0.26849 0.415741 0.0682292 0.0851852
2 0.289062 0.319907 0.0770833 0.087963
2 0.6875 0.122685 0.053125 0.075
2 0.0804688 0.474074 0.0734375 0.0962963
2 0.894271 0.0962963 0.0604167 0.0685185
2 0.304167 0.904167 0.120833 0.14537
2 0.253385 0.775463 0.0942708 0.112037
2 0.713281 0.179167 0.0505208 0.0675926
2 0.247656 0.519907 0.0755208 0.0935185
2 0.0825521 0.819444 0.114063 0.107407
2 0.221615 0.681481 0.0880208 0.131481
2 0.0526042 0.599537 0.1 0.130556
2 0.120312 0.6875 0.105208 0.0990741
