2 0.853385 0.175 0.0557292 0.0481481
2 0.976562 0.575 0.04375 0.0611111
2 0.642708 0.193056 0.05 0.0601852
2 0.625521 0.136111 0.046875 0.0648148
2 0.161458 0.392593 0.0895833 0.0981481
2 0.772396 0.174074 0.075 0.0666667
2 0.129427 0.9 0.0859375 0.116667
2 0.200781 0.919444 0.0713542 0.112963
2 0.739844 0.109259 0.0588542 0.0759259
2 0.704948 0.187037 0.0494792 0.0666667
2 0.985937 0.126852 0.028125 0.087037
2 0.071875 0.833796 0.110417 0.106481
2 0.0700521 0.487963 0.0755208 0.0925926
2 0.259115 0.425926 0.0692708 0.087037
2 0.883594 0.106944 0.0598958 0.0731481
2 0.680208 0.134722 0.053125 0.075
2 0.243229 0.784722 0.09375 0.108333
2 0.282292 0.331019 0.075 0.0824074
2 0.94375 0.129167 0.0489583 0.0842593
2 0.238802 0.531482 0.0776042 0.0888889
2 0.109375 0.703241 0.108333 0.0990741
2 0.0445312 0.614815 0.0890625 0.133333
2 0.295312 0.915741 0.125 0.138889
2 0.211979 0.693519 0.0885417 0.12963
