2 0.844271 0.175926 0.0583333 0.0537037
2 0.617969 0.15 0.0526042 0.0851852
2 0.632031 0.193056 0.0526042 0.0638889
2 0.971615 0.576389 0.0536458 0.0694444
2 0.763021 0.176389 0.0770833 0.0694444
2 0.188802 0.928704 0.0671875 0.116667
2 0.728125 0.1125 0.0625 0.0712963
2 0.250781 0.431944 0.0692708 0.087963
2 0.873958 0.107407 0.0614583 0.0666667
2 0.11901 0.911574 0.0859375 0.112037
2 0.152604 0.398611 0.0854167 0.0972222
2 0.695052 0.191667 0.0494792 0.0666667
2 0.933073 0.130093 0.0505208 0.0805556
2 0.271875 0.334259 0.0760417 0.0851852
2 0.0575521 0.496296 0.0776042 0.0962963
2 0.229687 0.538426 0.0802083 0.087963
2 0.0609375 0.846296 0.1125 0.111111
2 0.669271 0.138889 0.0520833 0.0722222
2 0.979948 0.126852 0.0401042 0.0925926
2 0.233073 0.796296 0.0911458 0.109259
2 0.0984375 0.711574 0.103125 0.100926
2 0.0390625 0.623148 0.078125 0.133333
2 0.200781 0.706019 0.0890625 0.132407
2 0.283333 0.927315 0.120833 0.136111
