2 0.241406 0.860185 0.122396 0.192593
2 0.176302 0.947685 0.0692708 0.100926
2 0.832292 0.188426 0.05625 0.0546296
2 0.964063 0.590278 0.0572917 0.0601852
2 0.603385 0.151852 0.0484375 0.0648148
2 0.104687 0.931481 0.090625 0.114815
2 0.753646 0.191667 0.08125 0.0703704
2 0.260417 0.349537 0.078125 0.0861111
2 0.134115 0.417593 0.0963542 0.1
2 0.859896 0.121296 0.059375 0.0685185
2 0.0494792 0.866667 0.0979167 0.111111
2 0.623438 0.211574 0.05 0.0638889
2 0.21901 0.819444 0.0963542 0.116667
2 0.23724 0.448148 0.0713542 0.0851852
2 0.657812 0.150926 0.0541667 0.0722222
2 0.716406 0.129167 0.0578125 0.0805556
2 0.918229 0.149074 0.05 0.0888889
2 0.683594 0.20787 0.0484375 0.0694444
2 0.0442708 0.515741 0.0739583 0.0962963
2 0.969531 0.140741 0.0494792 0.0962963
2 0.268229 0.9375 0.129167 0.123148
2 0.216146 0.556944 0.0770833 0.0935185
2 0.0315104 0.646759 0.0630208 0.137963
2 0.0828125 0.731481 0.110417 0.101852
2 0.18776 0.727778 0.0932292 0.135185
