2 0.0164062 0.691667 0.0328125 0.212963
2 0.332552 0.483333 0.0786458 0.101852
2 0.269271 0.314815 0.0854167 0.0685185
2 0.0388021 0.317593 0.0546875 0.105556
2 0.534635 0.259722 0.0619792 0.0657407
2 0.48099 0.157407 0.0598958 0.0796296
2 0.367448 0.558796 0.0963542 0.112037
2 0.41875 0.192593 0.053125 0.0814815
2 0.534896 0.199537 0.0552083 0.062037
2 0.53151 0.511111 0.0619792 0.0981481
2 0.251823 0.584259 0.0901042 0.114815
2 0.424219 0.273148 0.0765625 0.0925926
2 0.263281 0.234259 0.0817708 0.0944444
2 0.563281 0.40463 0.0692708 0.087037
2 0.471875 0.498148 0.0677083 0.0851852
2 0.540885 0.334722 0.0671875 0.0953704
2 0.615365 0.491667 0.111979 0.127778
2 0.289844 0.391204 0.0901042 0.100926
2 0.552344 0.127315 0.0598958 0.0712963
2 0.446094 0.425 0.0828125 0.0777778
2 0.463281 0.343056 0.0786458 0.0731481
