2 0.37526 0.830556 0.0546875 0.0962963
2 0.817187 0.201852 0.05625 0.0481481
2 0.950781 0.599074 0.0640625 0.062963
2 0.591146 0.165278 0.0447917 0.0638889
2 0.739583 0.203704 0.0791667 0.0648148
2 0.123438 0.42963 0.090625 0.1
2 0.0901042 0.949537 0.0895833 0.100926
2 0.643229 0.163889 0.0552083 0.0740741
2 0.248177 0.360648 0.0786458 0.0953704
2 0.609635 0.225 0.0505208 0.0574074
2 0.704948 0.143981 0.0609375 0.075
2 0.224479 0.462963 0.0697917 0.0888889
2 0.0244792 0.660185 0.0489583 0.12963
2 0.0427083 0.8875 0.0854167 0.115741
2 0.902865 0.161111 0.0505208 0.0851852
2 0.670573 0.22037 0.0515625 0.0666667
2 0.845052 0.134722 0.0598958 0.0694444
2 0.253385 0.95 0.135937 0.1
2 0.0335938 0.534722 0.0671875 0.10463
2 0.957031 0.158333 0.0505208 0.0944444
2 0.172135 0.744444 0.0901042 0.138889
2 0.203906 0.839815 0.0932292 0.118519
2 0.201823 0.571296 0.0817708 0.0944444
2 0.0682292 0.749074 0.108333 0.103704
