2 0.365365 0.85463 0.0578125 0.0981481
2 0.80599 0.222685 0.0546875 0.0509259
2 0.584115 0.181944 0.0453125 0.0694444
2 0.940365 0.611111 0.0588542 0.0592593
2 0.600781 0.239815 0.0505208 0.0611111
2 0.0182292 0.673611 0.0364583 0.132407
2 0.693229 0.156019 0.0583333 0.0768519
2 0.0372396 0.915278 0.0744792 0.125
2 0.246354 0.959722 0.132292 0.0805556
2 0.0265625 0.551389 0.053125 0.0990741
2 0.214323 0.480556 0.0734375 0.0888889
2 0.11224 0.449074 0.0942708 0.101852
2 0.834115 0.152778 0.0578125 0.0759259
2 0.2375 0.381019 0.078125 0.087963
2 0.194271 0.860185 0.0989583 0.122222
2 0.729427 0.22037 0.0786458 0.0666667
2 0.635156 0.180556 0.0515625 0.0722222
2 0.660156 0.235648 0.0494792 0.0675926
2 0.890104 0.175463 0.0479167 0.0842593
2 0.94349 0.174074 0.0515625 0.0962963
2 0.0591146 0.771296 0.107813 0.105556
2 0.191146 0.590741 0.08125 0.0962963
2 0.161198 0.766204 0.0932292 0.139815
