2 0.796875 0.235648 0.05625 0.0509259
2 0.934115 0.623611 0.0630208 0.0638889
2 0.573438 0.197685 0.0458333 0.0657407
2 0.0135417 0.694907 0.0270833 0.137963
2 0.021875 0.56713 0.04375 0.10463
2 0.239583 0.968518 0.114583 0.062963
2 0.686458 0.175 0.0604167 0.0759259
2 0.0322917 0.931481 0.0635417 0.122222
2 0.59375 0.256019 0.05 0.062037
2 0.232552 0.399537 0.0776042 0.0824074
2 0.721875 0.237963 0.0791667 0.0666667
2 0.105729 0.466204 0.0958333 0.106481
2 0.880729 0.195833 0.05 0.0898148
2 0.823958 0.169444 0.0604167 0.0685185
2 0.628125 0.199074 0.0520833 0.0703704
2 0.654427 0.250926 0.0494792 0.062963
2 0.207031 0.497222 0.0713542 0.0888889
2 0.153125 0.787037 0.0927083 0.142593
2 0.933854 0.189815 0.0510417 0.0907407
2 0.185937 0.880556 0.0947917 0.118519
2 0.0515625 0.792593 0.102083 0.107407
2 0.183333 0.60787 0.08125 0.0972222
