2 0.564844 0.210648 0.0453125 0.062037
2 0.679427 0.186574 0.0630208 0.0712963
2 0.928646 0.634259 0.0645833 0.0555556
2 0.00911458 0.692593 0.0182292 0.131481
2 0.786458 0.243981 0.0572917 0.0472222
2 0.0143229 0.553241 0.0286458 0.132407
2 0.709896 0.245833 0.0729167 0.0657407
2 0.230729 0.974537 0.10625 0.0509259
2 0.0242187 0.939815 0.0484375 0.118519
2 0.617448 0.206944 0.0567708 0.0731481
2 0.583594 0.26713 0.0515625 0.062037
2 0.221354 0.409259 0.078125 0.087037
2 0.644271 0.262037 0.0510417 0.0666667
2 0.81276 0.181944 0.0598958 0.0694444
2 0.194792 0.508796 0.06875 0.0916667
2 0.0947917 0.480556 0.0916667 0.0981481
2 0.173177 0.890278 0.0984375 0.117593
2 0.921094 0.200463 0.0484375 0.0916667
2 0.0450521 0.804167 0.0901042 0.106481
2 0.869792 0.209722 0.0479167 0.0842593
2 0.172656 0.618056 0.0828125 0.0916667
2 0.139323 0.799074 0.0932292 0.138889
