2 0.0106771 0.57037 0.0213542 0.135185
2 0.91224 0.632407 0.0619792 0.0574074
2 0.220573 0.978241 0.102604 0.0435185
2 0.0195312 0.941204 0.0390625 0.117593
2 0.557552 0.212963 0.0453125 0.0666667
2 0.776563 0.249074 0.0541667 0.05
2 0.573958 0.269907 0.0520833 0.0583333
2 0.801562 0.186111 0.059375 0.0648148
2 0.688281 0.251852 0.0546875 0.0648148
2 0.666667 0.191204 0.0572917 0.0731481
2 0.207552 0.414352 0.0776042 0.0861111
2 0.858073 0.212037 0.0494792 0.0814815
2 0.0791667 0.483796 0.0947917 0.100926
2 0.633333 0.26713 0.05 0.0657407
2 0.126563 0.805556 0.09375 0.140741
2 0.908854 0.206481 0.05 0.0925926
2 0.182031 0.512963 0.0703125 0.0925926
2 0.160417 0.902315 0.0958333 0.125
2 0.0369792 0.812963 0.0739583 0.107407
2 0.607031 0.211574 0.0546875 0.0731481
2 0.159115 0.623611 0.0828125 0.0953704
