2 0.0140625 0.956481 0.0270833 0.087037
2 0.766146 0.252778 0.0541667 0.0518519
2 0.903646 0.635185 0.0635417 0.0537037
2 0.623698 0.27037 0.0494792 0.0648148
2 0.564583 0.272685 0.05 0.0601852
2 0.655469 0.197222 0.0567708 0.0722222
2 0.690104 0.256019 0.0760417 0.0675926
2 0.599219 0.21713 0.0526042 0.0712963
2 0.197396 0.421759 0.0791667 0.0842593
2 0.065625 0.493056 0.103125 0.102778
2 0.173438 0.521759 0.0729167 0.0916667
2 0.896094 0.213426 0.0484375 0.0898148
2 0.148958 0.637037 0.0822917 0.0981481
2 0.789062 0.191204 0.059375 0.0638889
2 0.846615 0.214815 0.0473958 0.0814815
2 0.0317708 0.824074 0.0635417 0.114815
2 0.146875 0.919444 0.0979167 0.12963
2 0.115104 0.819444 0.0947917 0.142593
