2 0.0296875 0.971296 0.059375 0.0574074
2 0.698958 0.262963 0.0479167 0.0537037
2 0.31849 0.898611 0.0526042 0.0935185
2 0.757031 0.261111 0.0546875 0.0481481
2 0.895052 0.636574 0.0640625 0.0527778
2 0.55599 0.280556 0.0505208 0.0592593
2 0.644271 0.201389 0.0572917 0.0712963
2 0.677604 0.2625 0.0739583 0.062037
2 0.615104 0.277315 0.046875 0.062037
2 0.163281 0.529167 0.0755208 0.0916667
2 0.0265625 0.837037 0.053125 0.112963
2 0.0539063 0.502315 0.104687 0.110185
2 0.189063 0.427315 0.0822917 0.087963
2 0.781771 0.197685 0.05625 0.0657407
2 0.886979 0.216667 0.0479167 0.0888889
2 0.10625 0.827315 0.0958333 0.141667
2 0.589844 0.223611 0.0494792 0.0712963
2 0.838281 0.22037 0.0463542 0.0796296
2 0.139062 0.925926 0.096875 0.12963
2 0.139583 0.642593 0.0822917 0.0962963
