2 0.0380208 0.318519 0.0552083 0.111111
2 0.0164062 0.693519 0.0328125 0.209259
2 0.332812 0.487963 0.078125 0.103704
2 0.270312 0.315741 0.0854167 0.0685185
2 0.534375 0.261111 0.0635417 0.0666667
2 0.252083 0.5875 0.0895833 0.119444
2 0.534896 0.202315 0.05625 0.062037
2 0.477344 0.159259 0.0640625 0.0759259
2 0.41901 0.195833 0.0505208 0.0768519
2 0.370313 0.565741 0.0885417 0.107407
2 0.423698 0.275463 0.0734375 0.0916667
2 0.530469 0.5125 0.0598958 0.100926
2 0.264062 0.235185 0.0854167 0.0944444
2 0.5625 0.406481 0.0708333 0.0851852
2 0.471615 0.5 0.0671875 0.087037
2 0.540885 0.3375 0.0692708 0.0916667
2 0.290104 0.393981 0.090625 0.10463
2 0.551823 0.130093 0.0588542 0.0712963
2 0.613802 0.496759 0.110937 0.132407
2 0.446094 0.426852 0.0796875 0.0777778
2 0.463021 0.346296 0.078125 0.0740741
