2 0.520573 0.178704 0.0630208 0.0833333
2 0.40026 0.123148 0.0546875 0.0851852
2 0.340625 0.481481 0.11875 0.148148
2 0.450521 0.278241 0.078125 0.075
2 0.519531 0.443056 0.0578125 0.102778
2 0.460938 0.0824074 0.0645833 0.0796296
2 0.245312 0.173148 0.0833333 0.105556
2 0.404948 0.206481 0.0744792 0.0944444
2 0.53724 0.05 0.0588542 0.0740741
2 0.271615 0.330556 0.0942708 0.109259
2 0.55026 0.331019 0.0671875 0.0916667
2 0.459896 0.433796 0.065625 0.0916667
2 0.60599 0.416667 0.111979 0.12963
2 0.238281 0.535185 0.0901042 0.116667
2 0.526563 0.263889 0.0677083 0.0981481
2 0.432292 0.358796 0.0791667 0.0768519
