2 0.949479 0.0282407 0.0947917 0.0546296
2 0.536458 0.294444 0.0645833 0.105556
2 0.0151042 0.696296 0.0302083 0.209259
2 0.0408854 0.320833 0.0609375 0.10463
2 0.267448 0.31713 0.0796875 0.0694444
2 0.33099 0.488889 0.0817708 0.103704
2 0.865625 0.0351852 0.0552083 0.0648148
2 0.532812 0.263889 0.0625 0.0648148
2 0.533073 0.205556 0.0557292 0.0611111
2 0.36901 0.568056 0.0911458 0.108333
2 0.248698 0.593982 0.0890625 0.121296
2 0.477083 0.160185 0.0645833 0.0796296
2 0.41875 0.194907 0.0510417 0.0787037
2 0.529948 0.513889 0.0619792 0.1
2 0.561979 0.40787 0.0697917 0.0842593
2 0.422135 0.279167 0.0755208 0.0916667
2 0.539844 0.34213 0.0682292 0.0953704
2 0.288542 0.394907 0.0927083 0.100926
2 0.263281 0.240278 0.0880208 0.0935185
2 0.613281 0.497685 0.107813 0.130556
2 0.551562 0.13287 0.0583333 0.0712963
2 0.469792 0.502315 0.065625 0.0916667
2 0.445312 0.428704 0.08125 0.0759259
2 0.46224 0.349074 0.0776042 0.0759259
