2 0.930729 0.0291667 0.0520833 0.0564815
2 0.0153646 0.690278 0.0307292 0.200926
2 0.865885 0.0361111 0.0557292 0.0666667
2 0.533594 0.252778 0.0609375 0.0851852
2 0.978646 0.0240741 0.0427083 0.0481481
2 0.26901 0.315741 0.0817708 0.0703704
2 0.532812 0.212037 0.0572917 0.0703704
2 0.332031 0.488426 0.0796875 0.0972222
2 0.250781 0.593518 0.0880208 0.116667
2 0.477604 0.163889 0.0614583 0.0759259
2 0.366406 0.568056 0.0942708 0.106481
2 0.530208 0.515741 0.0614583 0.0981481
2 0.561458 0.411111 0.0708333 0.0833333
2 0.263802 0.239352 0.0828125 0.0916667
2 0.419792 0.19537 0.0510417 0.0796296
2 0.540365 0.343056 0.0682292 0.0935185
2 0.422656 0.281944 0.0755208 0.087963
2 0.470573 0.504167 0.0661458 0.0916667
2 0.551823 0.135185 0.0588542 0.0722222
2 0.615104 0.498148 0.113542 0.12963
2 0.446615 0.42963 0.0828125 0.0740741
2 0.290104 0.397222 0.090625 0.103704
2 0.463021 0.351389 0.078125 0.0731481
