2 0.539844 0.303241 0.0640625 0.113889
2 0.0440104 0.321759 0.0588542 0.100926
2 0.0166667 0.675463 0.0333333 0.197222
2 0.334115 0.487037 0.0796875 0.0944444
2 0.272135 0.317593 0.0817708 0.0703704
2 0.536198 0.259722 0.0598958 0.0712963
2 0.535677 0.208796 0.0546875 0.0638889
2 0.367969 0.568519 0.0994792 0.109259
2 0.479167 0.163889 0.0635417 0.0740741
2 0.421615 0.194907 0.0536458 0.0768519
2 0.532812 0.518981 0.0614583 0.0990741
2 0.564062 0.410185 0.0697917 0.0833333
2 0.425 0.280556 0.075 0.0925926
2 0.253125 0.593056 0.090625 0.121296
2 0.552865 0.135185 0.0598958 0.0722222
2 0.542708 0.343056 0.0666667 0.0916667
2 0.264844 0.240741 0.0859375 0.0888889
2 0.473698 0.50463 0.0671875 0.0888889
2 0.291406 0.397685 0.0921875 0.10463
2 0.465625 0.350926 0.078125 0.0740741
2 0.447656 0.430556 0.0786458 0.0759259
2 0.617708 0.498148 0.115625 0.12963
