2 0.935156 0.0305556 0.0557292 0.0574074
2 0.870052 0.037037 0.0557292 0.0666667
2 0.276823 0.318519 0.0807292 0.0685185
2 0.0158854 0.689352 0.0317708 0.19537
2 0.335417 0.488889 0.08125 0.0944444
2 0.0429688 0.323148 0.0578125 0.109259
2 0.423438 0.197222 0.053125 0.0740741
2 0.369531 0.569907 0.100521 0.112037
2 0.536979 0.241667 0.0604167 0.112963
2 0.564844 0.411111 0.0713542 0.0833333
2 0.534115 0.519444 0.0609375 0.103704
2 0.481771 0.165278 0.0604167 0.0731481
2 0.544531 0.344444 0.0703125 0.0907407
2 0.266406 0.242593 0.0838542 0.0888889
2 0.47474 0.50787 0.0651042 0.0935185
2 0.425781 0.281944 0.0744792 0.0935185
2 0.253906 0.596759 0.0901042 0.119444
2 0.554688 0.137037 0.0583333 0.0722222
2 0.466406 0.354167 0.0796875 0.075
2 0.292188 0.400926 0.0916667 0.1
2 0.449219 0.433333 0.0807292 0.0759259
2 0.618229 0.500463 0.115625 0.130556
