2 0.539583 0.217593 0.0552083 0.0685185
2 0.26849 0.331019 0.0817708 0.0675926
2 0.870313 0.037963 0.053125 0.0685185
2 0.933854 0.0324074 0.0520833 0.0611111
2 0.979688 0.025463 0.040625 0.0509259
2 0.335417 0.49537 0.0822917 0.0925926
2 0.0174479 0.693056 0.0348958 0.193519
2 0.538281 0.252778 0.0598958 0.103704
2 0.0442708 0.330556 0.059375 0.111111
2 0.36901 0.572222 0.103646 0.114815
2 0.423698 0.206944 0.0526042 0.087963
2 0.271094 0.249537 0.0828125 0.0916667
2 0.534635 0.524537 0.0598958 0.102778
2 0.565885 0.41713 0.0703125 0.0861111
2 0.47526 0.513426 0.0651042 0.087963
2 0.480469 0.169907 0.0619792 0.075
2 0.425781 0.287963 0.0744792 0.0907407
2 0.554167 0.142593 0.0604167 0.0703704
2 0.545573 0.348148 0.0692708 0.0888889
2 0.29375 0.405556 0.090625 0.105556
2 0.254948 0.601852 0.0869792 0.118519
2 0.449219 0.437963 0.0796875 0.0796296
2 0.467969 0.358796 0.0807292 0.0768519
2 0.61901 0.505093 0.116146 0.130556
