2 0.278385 0.327778 0.0848958 0.0648148
2 0.979948 0.0259259 0.0401042 0.05
2 0.933594 0.0319444 0.0515625 0.0601852
2 0.871094 0.0375 0.0536458 0.0694444
2 0.0182292 0.695833 0.0364583 0.197222
2 0.335938 0.49537 0.0822917 0.0944444
2 0.0455729 0.331481 0.0609375 0.109259
2 0.539062 0.274074 0.0635417 0.0666667
2 0.539062 0.212963 0.0541667 0.062963
2 0.42474 0.203241 0.0536458 0.0824074
2 0.370573 0.571759 0.100521 0.113889
2 0.271615 0.249074 0.0817708 0.0907407
2 0.565885 0.416204 0.0692708 0.0842593
2 0.535937 0.522222 0.059375 0.103704
2 0.480729 0.17037 0.0625 0.0740741
2 0.476823 0.512037 0.0651042 0.0907407
2 0.545573 0.349074 0.0682292 0.0907407
2 0.554948 0.140741 0.0578125 0.0722222
2 0.254427 0.602315 0.0880208 0.119444
2 0.426823 0.286574 0.0744792 0.0916667
2 0.29349 0.405093 0.0901042 0.10463
2 0.46849 0.35787 0.0817708 0.0768519
2 0.620052 0.503704 0.114063 0.127778
2 0.449479 0.436111 0.0802083 0.0777778
