2 0.338021 0.498148 0.084375 0.0944444
2 0.270052 0.333796 0.0828125 0.0675926
2 0.0179687 0.689352 0.0359375 0.19537
2 0.0476562 0.335648 0.0619792 0.110185
2 0.425521 0.208333 0.053125 0.0814815
2 0.540885 0.275926 0.0630208 0.0666667
2 0.934375 0.0324074 0.0552083 0.062963
2 0.98125 0.0268519 0.0375 0.0518519
2 0.540625 0.215741 0.0541667 0.0666667
2 0.364062 0.5625 0.113542 0.132407
2 0.872135 0.0388889 0.0536458 0.0722222
2 0.427344 0.289815 0.0755208 0.0888889
2 0.5375 0.525 0.059375 0.103704
2 0.56875 0.419907 0.0708333 0.0842593
2 0.273958 0.251389 0.0854167 0.0916667
2 0.622917 0.505093 0.1125 0.125
2 0.546615 0.35 0.0692708 0.0944444
2 0.482552 0.173148 0.0640625 0.0740741
2 0.478125 0.516204 0.0635417 0.087963
2 0.55625 0.142593 0.0583333 0.0722222
2 0.470313 0.360648 0.0791667 0.075
2 0.258073 0.604167 0.0880208 0.113889
2 0.295833 0.408796 0.0895833 0.10463
2 0.452083 0.439352 0.0802083 0.0787037
