2 0.0440104 0.33287 0.0557292 0.113889
2 0.280208 0.336111 0.0833333 0.0648148
2 0.935938 0.0342593 0.0572917 0.0648148
2 0.339583 0.499537 0.0822917 0.0935185
2 0.982292 0.0268519 0.0354167 0.0537037
2 0.0190104 0.691204 0.0380208 0.193519
2 0.873698 0.0402778 0.0536458 0.075
2 0.540885 0.251389 0.0588542 0.108333
2 0.370573 0.576389 0.101562 0.119444
2 0.426302 0.216204 0.0536458 0.0842593
2 0.538802 0.530093 0.0609375 0.100926
2 0.570573 0.423611 0.0692708 0.0861111
2 0.297917 0.413426 0.0895833 0.102778
2 0.273958 0.255556 0.084375 0.0925926
2 0.625 0.508796 0.110417 0.126852
2 0.428646 0.297222 0.0739583 0.087037
2 0.471875 0.365278 0.0770833 0.0731481
2 0.479167 0.519444 0.0635417 0.087037
2 0.484635 0.180556 0.0651042 0.0740741
2 0.547917 0.35463 0.0697917 0.0944444
2 0.557292 0.146759 0.059375 0.0712963
2 0.258594 0.607407 0.0901042 0.111111
2 0.453646 0.443056 0.0802083 0.075
