2 0.266927 0.337037 0.0807292 0.0685185
2 0.934896 0.0351852 0.05625 0.0648148
2 0.0460938 0.333333 0.0609375 0.112963
2 0.0177083 0.69213 0.0354167 0.202778
2 0.335417 0.5 0.084375 0.0962963
2 0.981771 0.0273148 0.0364583 0.0546296
2 0.539062 0.254167 0.0583333 0.108333
2 0.872656 0.0421296 0.0536458 0.075
2 0.426823 0.209722 0.0546875 0.0768519
2 0.36901 0.575 0.103646 0.112963
2 0.536458 0.528241 0.0614583 0.102778
2 0.621875 0.505556 0.114583 0.124074
2 0.272656 0.254167 0.0848958 0.0935185
2 0.427344 0.294444 0.0744792 0.0888889
2 0.567969 0.422685 0.0723958 0.0842593
2 0.546094 0.353704 0.0713542 0.0944444
2 0.295573 0.409722 0.0901042 0.10463
2 0.557031 0.146759 0.0588542 0.0731481
2 0.476562 0.518056 0.065625 0.087963
2 0.469531 0.362963 0.0786458 0.0740741
2 0.483594 0.178704 0.0619792 0.0759259
2 0.254687 0.606019 0.0895833 0.115741
2 0.451042 0.441204 0.08125 0.0768519
