2 0.267188 0.336574 0.0791667 0.0675926
2 0.0171875 0.694907 0.034375 0.19537
2 0.334375 0.496759 0.0822917 0.0953704
2 0.53776 0.250463 0.0578125 0.112037
2 0.980469 0.0296296 0.0390625 0.0574074
2 0.0453125 0.331944 0.0583333 0.108333
2 0.366146 0.573148 0.104167 0.111111
2 0.425521 0.207407 0.0541667 0.0814815
2 0.533854 0.526852 0.0604167 0.0981481
2 0.564844 0.418519 0.0713542 0.0833333
2 0.270833 0.253241 0.0822917 0.0916667
2 0.545052 0.351389 0.0692708 0.0898148
2 0.426302 0.290741 0.0723958 0.0907407
2 0.474479 0.515278 0.065625 0.0861111
2 0.554688 0.143056 0.0583333 0.0731481
2 0.467448 0.361574 0.0786458 0.075
2 0.481771 0.176852 0.0625 0.0740741
2 0.252865 0.603241 0.0890625 0.117593
2 0.29375 0.406944 0.090625 0.10463
2 0.616667 0.50787 0.115625 0.130556
2 0.449219 0.439352 0.0807292 0.0787037
