2 0.251823 0.263426 0.0848958 0.0694444
2 0.402344 0.125463 0.0578125 0.0805556
2 0.522656 0.163426 0.0598958 0.113889
2 0.342969 0.479167 0.116146 0.152778
2 0.521875 0.444907 0.0583333 0.10463
2 0.461979 0.0865741 0.0635417 0.0805556
2 0.40625 0.206481 0.075 0.1
2 0.451823 0.27963 0.0776042 0.0740741
2 0.607292 0.419907 0.113542 0.128704
2 0.53776 0.0532407 0.0598958 0.0712963
2 0.273177 0.333796 0.0942708 0.110185
2 0.241406 0.537037 0.0911458 0.112963
2 0.46224 0.435648 0.0651042 0.0898148
2 0.248177 0.173611 0.0838542 0.100926
2 0.434115 0.360185 0.0807292 0.0796296
2 0.528385 0.26713 0.0671875 0.0972222
2 0.551823 0.33287 0.0703125 0.087963
