2 0.869531 0.0398148 0.0546875 0.0722222
2 0.277344 0.327315 0.0869792 0.0694444
2 0.0164062 0.688889 0.0328125 0.194444
2 0.933594 0.0347222 0.0536458 0.0638889
2 0.335156 0.494444 0.0828125 0.0944444
2 0.979948 0.0282407 0.0401042 0.0564815
2 0.0419271 0.327778 0.0567708 0.107407
2 0.53724 0.248611 0.0588542 0.113889
2 0.365885 0.570833 0.105729 0.115741
2 0.533073 0.523148 0.0609375 0.101852
2 0.564062 0.415278 0.0697917 0.0824074
2 0.423698 0.206019 0.0546875 0.0842593
2 0.425 0.289352 0.0739583 0.0861111
2 0.269531 0.248611 0.0848958 0.0898148
2 0.480469 0.169907 0.0619792 0.0787037
2 0.554167 0.141667 0.059375 0.0722222
2 0.474479 0.512037 0.0645833 0.087037
2 0.544531 0.348611 0.0692708 0.087963
2 0.253385 0.600463 0.0880208 0.117593
2 0.466406 0.358333 0.0807292 0.0759259
2 0.292708 0.405093 0.0916667 0.10463
2 0.618229 0.503704 0.116667 0.12963
2 0.448438 0.436111 0.0802083 0.0796296
