2 0.869792 0.0398148 0.0541667 0.0703704
2 0.276563 0.328241 0.0854167 0.0675926
2 0.0164062 0.691204 0.0328125 0.200926
2 0.933333 0.0342593 0.0541667 0.062963
2 0.335156 0.494444 0.0828125 0.0925926
2 0.980208 0.0282407 0.0395833 0.0564815
2 0.0458333 0.330093 0.0635417 0.110185
2 0.367188 0.572222 0.104167 0.114815
2 0.53724 0.247685 0.0588542 0.113889
2 0.423958 0.20463 0.0541667 0.0814815
2 0.533073 0.523148 0.0609375 0.101852
2 0.563281 0.416204 0.0692708 0.0805556
2 0.269531 0.249537 0.0848958 0.0916667
2 0.474219 0.512963 0.0651042 0.087037
2 0.42474 0.289352 0.0744792 0.087963
2 0.480729 0.171759 0.0625 0.0768519
2 0.554167 0.142593 0.059375 0.0722222
2 0.545052 0.349074 0.0703125 0.087037
2 0.466146 0.359722 0.0802083 0.075
2 0.292448 0.405556 0.0911458 0.105556
2 0.253385 0.600926 0.0880208 0.116667
2 0.616927 0.506481 0.115104 0.12963
2 0.448958 0.437963 0.08125 0.0777778
