2 0.263281 0.331019 0.0703125 0.0657407
2 0.0158854 0.687963 0.0317708 0.198148
2 0.334375 0.489352 0.0802083 0.087963
2 0.0434896 0.323148 0.0598958 0.107407
2 0.932813 0.0328704 0.0520833 0.062037
2 0.86849 0.0388889 0.0536458 0.0703704
2 0.5375 0.273611 0.0614583 0.062037
2 0.979948 0.0282407 0.0401042 0.0564815
2 0.53776 0.2125 0.0536458 0.0638889
2 0.367969 0.571296 0.0994792 0.111111
2 0.423177 0.206019 0.0536458 0.0842593
2 0.479688 0.168519 0.0635417 0.0740741
2 0.425 0.288426 0.075 0.0842593
2 0.563802 0.413426 0.0692708 0.0824074
2 0.26901 0.247685 0.0838542 0.0935185
2 0.532031 0.521296 0.0588542 0.101852
2 0.473177 0.509259 0.0661458 0.0888889
2 0.554167 0.139815 0.0583333 0.0722222
2 0.252604 0.597685 0.0885417 0.117593
2 0.54349 0.348148 0.0671875 0.0907407
2 0.291667 0.402315 0.0916667 0.102778
2 0.465885 0.356944 0.0796875 0.0731481
2 0.447917 0.435648 0.0802083 0.075
2 0.616406 0.502778 0.115104 0.12963
