2 0.978906 0.025 0.0411458 0.05
2 0.0153646 0.687963 0.0307292 0.205556
2 0.267708 0.32037 0.0864583 0.0703704
2 0.0432292 0.322222 0.059375 0.101852
2 0.932813 0.0314815 0.0520833 0.0611111
2 0.334375 0.488426 0.0802083 0.0935185
2 0.868229 0.0375 0.0552083 0.0675926
2 0.535677 0.240741 0.0598958 0.112963
2 0.366406 0.57037 0.0984375 0.107407
2 0.563281 0.410185 0.0692708 0.0833333
2 0.421354 0.2 0.053125 0.0796296
2 0.423958 0.28287 0.078125 0.087963
2 0.479948 0.165278 0.0619792 0.0768519
2 0.532292 0.516667 0.0625 0.101852
2 0.252083 0.593056 0.0885417 0.117593
2 0.264323 0.242593 0.0859375 0.087037
2 0.542448 0.344907 0.0682292 0.0916667
2 0.552865 0.137037 0.0598958 0.0740741
2 0.290885 0.398611 0.0932292 0.100926
2 0.472396 0.505093 0.0645833 0.087963
2 0.464844 0.352778 0.0776042 0.0740741
2 0.616667 0.500463 0.113542 0.130556
2 0.446354 0.431481 0.0791667 0.0740741
