2 0.0403646 0.321759 0.0567708 0.100926
2 0.0143229 0.69213 0.0286458 0.19537
2 0.93151 0.0314815 0.0526042 0.0592593
2 0.266146 0.318519 0.0833333 0.0722222
2 0.978646 0.0236111 0.0427083 0.0472222
2 0.333073 0.489352 0.0807292 0.0990741
2 0.866406 0.0361111 0.0557292 0.0666667
2 0.366667 0.569907 0.0958333 0.106481
2 0.477083 0.165278 0.0635417 0.0787037
2 0.421094 0.194907 0.0526042 0.0768519
2 0.25026 0.593518 0.0890625 0.118519
2 0.561198 0.411111 0.0703125 0.0833333
2 0.53125 0.516204 0.0635417 0.102778
2 0.264062 0.241204 0.0864583 0.0898148
2 0.422396 0.28287 0.078125 0.087963
2 0.541146 0.343981 0.06875 0.0935185
2 0.534635 0.239352 0.0598958 0.115741
2 0.551562 0.136574 0.0604167 0.075
2 0.289583 0.396759 0.0916667 0.100926
2 0.470573 0.50463 0.0640625 0.0925926
2 0.615104 0.499537 0.111458 0.128704
2 0.463281 0.352778 0.0776042 0.0759259
2 0.445833 0.430556 0.08125 0.0740741
