2 0.0132813 0.698148 0.0265625 0.194444
2 0.0369792 0.321296 0.0541667 0.103704
2 0.26276 0.323148 0.0807292 0.0685185
2 0.532031 0.270833 0.0598958 0.0657407
2 0.928646 0.0305556 0.0520833 0.0611111
2 0.977604 0.0263889 0.0447917 0.0527778
2 0.865104 0.0375 0.0541667 0.0675926
2 0.533073 0.210648 0.0546875 0.0657407
2 0.330729 0.491204 0.08125 0.0972222
2 0.36901 0.572685 0.0901042 0.106481
2 0.560156 0.412963 0.0692708 0.0796296
2 0.249219 0.59537 0.0901042 0.116667
2 0.419531 0.193981 0.0526042 0.0768519
2 0.261979 0.243056 0.0833333 0.087963
2 0.529427 0.518981 0.0619792 0.102778
2 0.476823 0.165278 0.0609375 0.075
2 0.551042 0.138426 0.0604167 0.075
2 0.539844 0.346759 0.0671875 0.0935185
2 0.421354 0.282407 0.075 0.0907407
2 0.288542 0.399074 0.090625 0.103704
2 0.445573 0.431944 0.0817708 0.075
2 0.614323 0.501852 0.114063 0.131481
2 0.46224 0.354167 0.0786458 0.0731481
2 0.469271 0.506481 0.0666667 0.0925926
