2 0.0138021 0.7 0.0276042 0.192593
2 0.2625 0.323611 0.0802083 0.0694444
2 0.0382813 0.322222 0.0567708 0.101852
2 0.927083 0.0310185 0.0510417 0.0601852
2 0.53151 0.269444 0.0598958 0.0666667
2 0.864583 0.0365741 0.0552083 0.0675926
2 0.977083 0.025 0.0458333 0.05
2 0.532292 0.210185 0.05625 0.0648148
2 0.33125 0.490278 0.0822917 0.0953704
2 0.249479 0.593982 0.090625 0.115741
2 0.41849 0.197222 0.0526042 0.0759259
2 0.36849 0.571296 0.0911458 0.105556
2 0.261979 0.243519 0.0833333 0.087037
2 0.476823 0.165278 0.0619792 0.0768519
2 0.528906 0.518056 0.0619792 0.102778
2 0.560156 0.4125 0.0692708 0.0805556
2 0.550781 0.138426 0.0598958 0.0731481
2 0.539583 0.34537 0.0677083 0.0925926
2 0.421094 0.28287 0.0755208 0.0898148
2 0.288542 0.398611 0.0916667 0.102778
2 0.469531 0.505093 0.0661458 0.0916667
2 0.614062 0.500926 0.1125 0.12963
2 0.445573 0.431944 0.0828125 0.0731481
2 0.461719 0.354167 0.0776042 0.0731481
