2 0.0138021 0.693056 0.0276042 0.200926
2 0.864583 0.0356481 0.05625 0.0657407
2 0.927865 0.0305556 0.0536458 0.0592593
2 0.263802 0.322222 0.0776042 0.0703704
2 0.977344 0.024537 0.0453125 0.0490741
2 0.531771 0.266204 0.0614583 0.0712963
2 0.53151 0.210185 0.0578125 0.0666667
2 0.330729 0.489815 0.0802083 0.1
2 0.368229 0.568981 0.090625 0.106481
2 0.248177 0.593982 0.0901042 0.119444
2 0.41849 0.197222 0.0526042 0.0740741
2 0.474479 0.163889 0.0625 0.0740741
2 0.528125 0.516204 0.0604167 0.10463
2 0.560417 0.411111 0.0697917 0.0814815
2 0.2625 0.239815 0.0833333 0.0888889
2 0.538802 0.344907 0.0671875 0.0953704
2 0.551302 0.136574 0.0598958 0.0731481
2 0.421354 0.282407 0.075 0.087037
2 0.289062 0.396296 0.0895833 0.101852
2 0.614583 0.499074 0.114583 0.12963
2 0.444792 0.430093 0.0822917 0.075
2 0.469271 0.504167 0.065625 0.0916667
2 0.461458 0.350463 0.078125 0.075
