2 0.0135417 0.688889 0.0270833 0.205556
2 0.863542 0.0342593 0.05625 0.062963
2 0.0372396 0.319907 0.0578125 0.102778
2 0.926823 0.0291667 0.0536458 0.0564815
2 0.977083 0.0236111 0.0458333 0.0472222
2 0.264062 0.319907 0.0791667 0.0712963
2 0.53151 0.263426 0.0609375 0.0657407
2 0.53099 0.203704 0.0546875 0.0592593
2 0.329167 0.487037 0.0791667 0.101852
2 0.475 0.161574 0.0604167 0.0768519
2 0.41875 0.191667 0.0520833 0.0814815
2 0.246615 0.588889 0.0921875 0.114815
2 0.366146 0.565278 0.0885417 0.106481
2 0.559635 0.407407 0.0692708 0.0814815
2 0.527865 0.512037 0.0609375 0.103704
2 0.419792 0.281481 0.075 0.0851852
2 0.5375 0.340278 0.0666667 0.0953704
2 0.467708 0.500926 0.0645833 0.0907407
2 0.550521 0.134259 0.0583333 0.0722222
2 0.260938 0.236111 0.08125 0.0907407
2 0.28724 0.394444 0.0901042 0.103704
2 0.44375 0.427315 0.0822917 0.075
2 0.614062 0.49213 0.111458 0.121296
2 0.460417 0.348148 0.0791667 0.0740741
