2 0.251302 0.265278 0.0807292 0.0712963
2 0.523958 0.164352 0.0604167 0.117593
2 0.405729 0.124537 0.0572917 0.0787037
2 0.522917 0.447685 0.0583333 0.10463
2 0.344531 0.481019 0.114063 0.152778
2 0.464323 0.0893519 0.0630208 0.0787037
2 0.276042 0.337037 0.090625 0.109259
2 0.554167 0.335648 0.0708333 0.0861111
2 0.408333 0.209259 0.0760417 0.0981481
2 0.463542 0.437963 0.065625 0.0888889
2 0.251042 0.175 0.0833333 0.0962963
2 0.435156 0.362963 0.0848958 0.0759259
2 0.241667 0.5375 0.0895833 0.110185
2 0.608594 0.424537 0.115104 0.130556
2 0.530469 0.269907 0.0692708 0.0972222
2 0.540625 0.0560185 0.0572917 0.0694444
2 0.453385 0.283333 0.0776042 0.0740741
