2 0.0132813 0.688426 0.0265625 0.206481
2 0.975781 0.0231481 0.0473958 0.0462963
2 0.0361979 0.316667 0.0588542 0.101852
2 0.530208 0.254167 0.0604167 0.0787037
2 0.530729 0.215741 0.05625 0.0777778
2 0.266667 0.314815 0.084375 0.0685185
2 0.328646 0.485185 0.0802083 0.1
2 0.364062 0.563426 0.090625 0.110185
2 0.416146 0.197222 0.0520833 0.0833333
2 0.472917 0.158333 0.0614583 0.0740741
2 0.420312 0.275463 0.071875 0.087963
2 0.558854 0.406019 0.06875 0.0842593
2 0.525521 0.512037 0.0604167 0.101852
2 0.246094 0.588889 0.0911458 0.116667
2 0.466667 0.498611 0.0635417 0.087963
2 0.548437 0.132407 0.0604167 0.0722222
2 0.535937 0.337963 0.0677083 0.0944444
2 0.258854 0.233796 0.0833333 0.0916667
2 0.443229 0.425926 0.0833333 0.0740741
2 0.285937 0.393981 0.090625 0.100926
2 0.61224 0.49537 0.110937 0.131481
2 0.459115 0.346296 0.0786458 0.0759259
