2 0.0132813 0.687963 0.0265625 0.207407
2 0.265885 0.313426 0.0828125 0.0638889
2 0.0380208 0.314815 0.0604167 0.101852
2 0.328906 0.483796 0.0776042 0.100926
2 0.530469 0.261111 0.0619792 0.0648148
2 0.530469 0.202778 0.0557292 0.062963
2 0.364062 0.560185 0.0895833 0.109259
2 0.473437 0.156481 0.0604167 0.0722222
2 0.416146 0.193056 0.0520833 0.0861111
2 0.525521 0.509722 0.0604167 0.102778
2 0.420573 0.273148 0.0723958 0.0907407
2 0.246354 0.586111 0.0927083 0.114815
2 0.558854 0.404167 0.06875 0.0861111
2 0.467448 0.498148 0.0651042 0.0888889
2 0.535677 0.337037 0.0671875 0.0962963
2 0.547917 0.12963 0.0604167 0.0722222
2 0.284896 0.39213 0.090625 0.102778
2 0.442969 0.424537 0.0828125 0.0731481
2 0.259375 0.233333 0.0822917 0.0925926
2 0.61224 0.492593 0.111979 0.12963
2 0.459375 0.344907 0.0791667 0.075
