2 0.0135417 0.687037 0.0270833 0.203704
2 0.0361979 0.314352 0.0588542 0.102778
2 0.264323 0.313426 0.0838542 0.0675926
2 0.530729 0.260648 0.0604167 0.0638889
2 0.328385 0.481944 0.0786458 0.100926
2 0.363542 0.560648 0.0916667 0.110185
2 0.525521 0.508333 0.0604167 0.103704
2 0.47474 0.156019 0.0588542 0.075
2 0.530469 0.202315 0.0546875 0.0657407
2 0.416146 0.191667 0.0541667 0.0888889
2 0.246354 0.585648 0.0927083 0.113889
2 0.535937 0.335648 0.0677083 0.0953704
2 0.559375 0.402315 0.06875 0.0861111
2 0.467708 0.497222 0.0645833 0.087037
2 0.41875 0.270833 0.075 0.0916667
2 0.285937 0.390278 0.0895833 0.102778
2 0.259375 0.232407 0.0854167 0.0944444
2 0.548437 0.127778 0.0614583 0.0722222
2 0.61224 0.491667 0.115104 0.12963
2 0.442969 0.423148 0.0828125 0.0759259
2 0.459115 0.343056 0.0796875 0.075
