2 0.536979 0.163889 0.0541667 0.122222
2 0.0135417 0.688889 0.0270833 0.207407
2 0.0377604 0.315741 0.0609375 0.101852
2 0.266667 0.314352 0.0854167 0.0675926
2 0.530469 0.260185 0.0598958 0.062963
2 0.328906 0.483333 0.0786458 0.101852
2 0.416146 0.194907 0.053125 0.0842593
2 0.530729 0.201852 0.0541667 0.0648148
2 0.473437 0.156481 0.0625 0.0740741
2 0.526563 0.509722 0.0614583 0.102778
2 0.365885 0.562037 0.0880208 0.109259
2 0.246875 0.585185 0.09375 0.112963
2 0.467448 0.497685 0.0661458 0.087963
2 0.559375 0.403241 0.06875 0.0861111
2 0.418229 0.273148 0.0739583 0.0888889
2 0.536198 0.336574 0.0682292 0.0972222
2 0.285677 0.391667 0.0911458 0.101852
2 0.61276 0.491204 0.111979 0.128704
2 0.548437 0.128241 0.0604167 0.0712963
2 0.44349 0.424074 0.0838542 0.0740741
2 0.258594 0.232407 0.0838542 0.0944444
2 0.458854 0.343981 0.0791667 0.075
