2 0.0135417 0.6875 0.0270833 0.206481
2 0.0375 0.316204 0.059375 0.106481
2 0.266406 0.314352 0.0828125 0.0675926
2 0.329948 0.484722 0.0796875 0.102778
2 0.53099 0.260185 0.0598958 0.0648148
2 0.53099 0.201852 0.0546875 0.0648148
2 0.416146 0.194907 0.0520833 0.0824074
2 0.473437 0.156944 0.0635417 0.0731481
2 0.364323 0.562037 0.0911458 0.109259
2 0.527604 0.510648 0.0614583 0.10463
2 0.247656 0.585185 0.0932292 0.112963
2 0.419531 0.274074 0.0723958 0.087037
2 0.468229 0.497685 0.0677083 0.087963
2 0.559635 0.403704 0.0692708 0.0851852
2 0.536719 0.336111 0.0682292 0.0962963
2 0.286719 0.39213 0.0921875 0.100926
2 0.258854 0.233796 0.0833333 0.0935185
2 0.44375 0.423611 0.0833333 0.075
2 0.548437 0.128241 0.0604167 0.0712963
2 0.61276 0.49213 0.113021 0.130556
2 0.459375 0.344444 0.0791667 0.0740741
