2 0.0138021 0.689352 0.0276042 0.206481
2 0.0398437 0.318519 0.0609375 0.103704
2 0.265625 0.314815 0.0833333 0.0685185
2 0.329948 0.483333 0.0807292 0.1
2 0.417188 0.189815 0.0520833 0.0833333
2 0.532552 0.260648 0.0619792 0.0638889
2 0.473958 0.156481 0.0625 0.0740741
2 0.532031 0.200463 0.0546875 0.062037
2 0.366927 0.562963 0.0901042 0.107407
2 0.528125 0.510185 0.0614583 0.103704
2 0.247396 0.585648 0.0927083 0.112037
2 0.560677 0.403241 0.0682292 0.0861111
2 0.420573 0.272222 0.0755208 0.0907407
2 0.46875 0.496759 0.0666667 0.0898148
2 0.538281 0.334259 0.0682292 0.0944444
2 0.549479 0.127778 0.059375 0.0722222
2 0.260677 0.233796 0.0838542 0.0935185
2 0.2875 0.391667 0.090625 0.101852
2 0.613542 0.490741 0.113542 0.127778
2 0.44375 0.423611 0.0822917 0.075
2 0.460677 0.343981 0.0796875 0.075
