2 0.0393229 0.318056 0.0609375 0.10463
2 0.0143229 0.690278 0.0286458 0.206481
2 0.266406 0.314815 0.0838542 0.0703704
2 0.532292 0.260185 0.0625 0.0648148
2 0.418229 0.192593 0.0520833 0.0759259
2 0.330469 0.483796 0.0796875 0.100926
2 0.474479 0.157407 0.0635417 0.0740741
2 0.532031 0.202315 0.0546875 0.0638889
2 0.528125 0.510648 0.0614583 0.10463
2 0.248177 0.585185 0.0901042 0.112963
2 0.367969 0.563426 0.0880208 0.106481
2 0.560417 0.402778 0.0697917 0.0851852
2 0.420573 0.271759 0.0734375 0.0916667
2 0.469271 0.497222 0.0677083 0.0888889
2 0.538281 0.334722 0.0682292 0.0953704
2 0.54974 0.128241 0.0598958 0.0731481
2 0.2875 0.39213 0.0916667 0.100926
2 0.260677 0.234259 0.0838542 0.0925926
2 0.444531 0.423611 0.0828125 0.075
2 0.61276 0.49213 0.113021 0.128704
2 0.460417 0.343519 0.0802083 0.0740741
