2 0.0148437 0.688889 0.0296875 0.201852
2 0.0416667 0.317593 0.0645833 0.103704
2 0.33125 0.483333 0.0791667 0.0981481
2 0.533073 0.25787 0.0619792 0.0675926
2 0.265104 0.316667 0.0791667 0.0685185
2 0.532552 0.203241 0.0557292 0.0657407
2 0.476823 0.159259 0.0588542 0.0759259
2 0.36875 0.561574 0.0885417 0.108333
2 0.417188 0.193056 0.053125 0.0805556
2 0.248958 0.583796 0.0916667 0.113889
2 0.529948 0.509722 0.0619792 0.102778
2 0.561198 0.403241 0.0692708 0.0861111
2 0.421354 0.273611 0.075 0.087963
2 0.538802 0.335185 0.0671875 0.0944444
2 0.470313 0.496759 0.0677083 0.0861111
2 0.260677 0.232407 0.0786458 0.0925926
2 0.288542 0.390741 0.090625 0.101852
2 0.550521 0.128704 0.059375 0.0703704
2 0.445312 0.423611 0.084375 0.0768519
2 0.614844 0.490741 0.113021 0.12963
2 0.461198 0.343519 0.0796875 0.0740741
