2 0.0145833 0.6875 0.0291667 0.197222
2 0.0375 0.316204 0.05625 0.102778
2 0.33151 0.481019 0.0786458 0.100926
2 0.264844 0.316667 0.0796875 0.0685185
2 0.533073 0.257407 0.0609375 0.0666667
2 0.532031 0.201389 0.0546875 0.0675926
2 0.364844 0.556944 0.0963542 0.108333
2 0.417708 0.185648 0.053125 0.0805556
2 0.476562 0.155093 0.0604167 0.0768519
2 0.530729 0.508333 0.0625 0.103704
2 0.247917 0.582407 0.0916667 0.114815
2 0.260938 0.232407 0.084375 0.0907407
2 0.470573 0.494907 0.0682292 0.087963
2 0.561979 0.401389 0.0677083 0.0861111
2 0.615365 0.488426 0.110937 0.128704
2 0.539062 0.331481 0.0666667 0.0944444
2 0.445312 0.420833 0.0822917 0.075
2 0.421615 0.268981 0.0755208 0.0916667
2 0.288281 0.389815 0.0901042 0.101852
2 0.55026 0.125926 0.0598958 0.0722222
2 0.461198 0.341667 0.0796875 0.0740741
