2 0.0151042 0.689352 0.0302083 0.206481
2 0.331771 0.480556 0.078125 0.0981481
2 0.266406 0.313889 0.0838542 0.0703704
2 0.533854 0.259259 0.0614583 0.062963
2 0.365625 0.558333 0.0958333 0.109259
2 0.417969 0.17963 0.0536458 0.0759259
2 0.533073 0.198611 0.0546875 0.062037
2 0.530208 0.509722 0.0614583 0.0990741
2 0.248698 0.583796 0.0921875 0.115741
2 0.478646 0.155556 0.0572917 0.0759259
2 0.26224 0.231481 0.0828125 0.0925926
2 0.615365 0.488889 0.114063 0.127778
2 0.561979 0.402778 0.0677083 0.087037
2 0.422396 0.269907 0.075 0.0935185
2 0.539583 0.334259 0.0666667 0.0962963
2 0.470573 0.495833 0.0671875 0.0861111
2 0.288281 0.390278 0.0901042 0.100926
2 0.55 0.125926 0.0604167 0.0722222
2 0.445052 0.422222 0.0848958 0.0759259
2 0.461719 0.34213 0.0796875 0.075
