2 0.253125 0.265278 0.0833333 0.0694444
2 0.526042 0.12963 0.0552083 0.0685185
2 0.523698 0.184722 0.0588542 0.0805556
2 0.344531 0.480093 0.116146 0.152778
2 0.522656 0.448148 0.0578125 0.103704
2 0.40625 0.124537 0.0552083 0.0824074
2 0.465625 0.0893519 0.0614583 0.0805556
2 0.540885 0.0560185 0.0578125 0.0712963
2 0.553906 0.336574 0.0713542 0.087963
2 0.276302 0.338426 0.0890625 0.108333
2 0.409375 0.209722 0.0760417 0.0953704
2 0.53151 0.268981 0.0692708 0.0935185
2 0.241927 0.5375 0.0901042 0.112037
2 0.250781 0.175 0.0838542 0.0962963
2 0.435417 0.363426 0.084375 0.0768519
2 0.464063 0.438426 0.0666667 0.0916667
2 0.608854 0.425463 0.115625 0.132407
2 0.453906 0.283796 0.0786458 0.075
