2 0.0148437 0.689815 0.0296875 0.209259
2 0.331771 0.481019 0.078125 0.0990741
2 0.266667 0.313889 0.0833333 0.0703704
2 0.533333 0.259722 0.0614583 0.0638889
2 0.41875 0.186574 0.0541667 0.0842593
2 0.366146 0.558333 0.0947917 0.109259
2 0.477865 0.156019 0.0588542 0.0731481
2 0.530208 0.509722 0.0614583 0.100926
2 0.533073 0.199074 0.0546875 0.062963
2 0.248698 0.583333 0.0921875 0.114815
2 0.422396 0.270833 0.075 0.0916667
2 0.561719 0.402778 0.0682292 0.087037
2 0.539583 0.334259 0.0666667 0.0962963
2 0.614062 0.485648 0.114583 0.119444
2 0.261719 0.231481 0.0828125 0.0925926
2 0.470573 0.495833 0.0671875 0.0861111
2 0.288281 0.390278 0.0901042 0.100926
2 0.550521 0.126389 0.059375 0.0712963
2 0.445312 0.422222 0.084375 0.0759259
2 0.461979 0.342593 0.0791667 0.0740741
