2 0.0153646 0.69213 0.0307292 0.206481
2 0.264062 0.316204 0.0791667 0.0712963
2 0.330208 0.480093 0.0791667 0.0990741
2 0.533073 0.257407 0.0619792 0.0648148
2 0.532292 0.198148 0.0541667 0.062963
2 0.366146 0.559259 0.09375 0.103704
2 0.53099 0.508333 0.0630208 0.101852
2 0.478646 0.155556 0.059375 0.0796296
2 0.417448 0.1875 0.0536458 0.0824074
2 0.24974 0.583333 0.0911458 0.112963
2 0.614323 0.487037 0.109896 0.125926
2 0.263542 0.23287 0.0854167 0.0916667
2 0.561719 0.401852 0.0671875 0.087037
2 0.471094 0.49537 0.0682292 0.0851852
2 0.539583 0.331481 0.0666667 0.0925926
2 0.288021 0.391204 0.0895833 0.100926
2 0.550781 0.125926 0.0598958 0.0722222
2 0.445833 0.422222 0.0864583 0.0759259
2 0.420833 0.269907 0.0739583 0.0898148
2 0.461198 0.341667 0.0796875 0.0740741
