2 0.0151042 0.689815 0.0302083 0.212963
2 0.0382813 0.314352 0.0546875 0.0972222
2 0.263802 0.3125 0.0828125 0.0675926
2 0.533333 0.201852 0.0552083 0.0740741
2 0.533594 0.252778 0.0619792 0.0666667
2 0.330469 0.478241 0.0786458 0.0990741
2 0.363802 0.552778 0.0984375 0.111111
2 0.418229 0.18287 0.053125 0.0787037
2 0.53099 0.503241 0.0598958 0.102778
2 0.478646 0.152778 0.0614583 0.0796296
2 0.2625 0.230556 0.0885417 0.0944444
2 0.249479 0.58287 0.0895833 0.115741
2 0.61224 0.486574 0.109896 0.132407
2 0.472396 0.493056 0.0677083 0.0861111
2 0.5625 0.399074 0.0666667 0.087037
2 0.289323 0.386574 0.0890625 0.0990741
2 0.551042 0.123148 0.0604167 0.0722222
2 0.539323 0.329167 0.0671875 0.0953704
2 0.421615 0.26713 0.0744792 0.0935185
2 0.446094 0.419444 0.0869792 0.0777778
2 0.461979 0.338889 0.0791667 0.0740741
