2 0.867188 0.0268519 0.0552083 0.0518519
2 0.0164062 0.673611 0.0328125 0.212037
2 0.0403646 0.315741 0.0567708 0.101852
2 0.266667 0.312037 0.0854167 0.0685185
2 0.332031 0.478241 0.0786458 0.100926
2 0.358594 0.544907 0.113021 0.119444
2 0.534635 0.225926 0.0619792 0.116667
2 0.418229 0.187963 0.053125 0.0851852
2 0.532031 0.502315 0.0609375 0.102778
2 0.479427 0.151852 0.0640625 0.0777778
2 0.26276 0.22963 0.0859375 0.0944444
2 0.251823 0.581944 0.0890625 0.117593
2 0.563542 0.398611 0.0677083 0.087963
2 0.473698 0.491667 0.0661458 0.0851852
2 0.541406 0.328704 0.0682292 0.0944444
2 0.614323 0.485185 0.111979 0.131481
2 0.552604 0.120833 0.059375 0.075
2 0.422917 0.267593 0.0760417 0.0925926
2 0.290365 0.3875 0.0890625 0.102778
2 0.447135 0.418056 0.0859375 0.0787037
2 0.464063 0.338426 0.0791667 0.075
