2 0.333073 0.478704 0.0796875 0.103704
2 0.0164062 0.672685 0.0328125 0.199074
2 0.535156 0.193981 0.0557292 0.0694444
2 0.265104 0.312037 0.0822917 0.0703704
2 0.0419271 0.315741 0.0588542 0.101852
2 0.535156 0.253241 0.0630208 0.0657407
2 0.41849 0.184259 0.0536458 0.0833333
2 0.531771 0.502315 0.059375 0.102778
2 0.35599 0.535185 0.115104 0.138889
2 0.478906 0.150463 0.0640625 0.075
2 0.263281 0.227778 0.0838542 0.0944444
2 0.251302 0.582407 0.0880208 0.118519
2 0.563542 0.397685 0.0677083 0.087963
2 0.541667 0.326852 0.0677083 0.0944444
2 0.552604 0.119907 0.059375 0.0731481
2 0.473698 0.490741 0.0661458 0.087037
2 0.615365 0.484722 0.111979 0.130556
2 0.290365 0.386574 0.0880208 0.102778
2 0.423438 0.266667 0.0760417 0.0944444
2 0.447135 0.416667 0.0859375 0.0796296
2 0.463802 0.337037 0.0796875 0.0740741
