2 0.0153646 0.6875 0.0307292 0.202778
2 0.265885 0.310185 0.0817708 0.0666667
2 0.0377604 0.3125 0.0557292 0.10463
2 0.33099 0.477315 0.0786458 0.100926
2 0.359115 0.545833 0.107813 0.113889
2 0.530469 0.500926 0.0588542 0.103704
2 0.418229 0.186574 0.0541667 0.087963
2 0.533594 0.223148 0.0619792 0.114815
2 0.478906 0.151389 0.0640625 0.0731481
2 0.263021 0.227315 0.0864583 0.0953704
2 0.25 0.581481 0.0895833 0.12037
2 0.561979 0.395833 0.0677083 0.0861111
2 0.551562 0.119444 0.059375 0.0722222
2 0.540625 0.326389 0.0677083 0.0953704
2 0.289323 0.383333 0.0890625 0.103704
2 0.446354 0.416667 0.0875 0.0796296
2 0.472656 0.489815 0.0671875 0.0888889
2 0.6125 0.484259 0.108333 0.131481
2 0.421354 0.265741 0.0770833 0.0907407
2 0.4625 0.337037 0.0802083 0.0759259
