2 0.0151042 0.686574 0.0302083 0.202778
2 0.266927 0.310185 0.0828125 0.0666667
2 0.0382813 0.312037 0.0578125 0.103704
2 0.330469 0.476389 0.0786458 0.102778
2 0.533854 0.225 0.0604167 0.116667
2 0.358854 0.546296 0.108333 0.112963
2 0.477865 0.150463 0.0651042 0.075
2 0.530469 0.501389 0.0598958 0.10463
2 0.417708 0.185185 0.053125 0.087037
2 0.248698 0.581481 0.0911458 0.122222
2 0.261979 0.224074 0.08125 0.0944444
2 0.561979 0.39537 0.0666667 0.087037
2 0.288802 0.384259 0.0890625 0.105556
2 0.551823 0.119907 0.0578125 0.0731481
2 0.6125 0.484722 0.110417 0.130556
2 0.445833 0.416667 0.0875 0.0796296
2 0.539583 0.326852 0.0666667 0.0962963
2 0.471875 0.490278 0.06875 0.087963
2 0.421354 0.264815 0.0770833 0.0907407
2 0.461719 0.337037 0.0807292 0.0759259
