2 0.0151042 0.6875 0.0302083 0.202778
2 0.0385417 0.311111 0.059375 0.103704
2 0.265885 0.309722 0.0807292 0.0675926
2 0.330469 0.476852 0.0786458 0.1
2 0.358073 0.546759 0.107813 0.113889
2 0.533333 0.225 0.0614583 0.116667
2 0.477604 0.150463 0.0635417 0.0768519
2 0.529948 0.502778 0.0598958 0.103704
2 0.261198 0.225 0.0828125 0.0925926
2 0.417188 0.1875 0.053125 0.0898148
2 0.248437 0.581481 0.090625 0.12037
2 0.561719 0.396296 0.0661458 0.087037
2 0.289062 0.383796 0.0885417 0.10463
2 0.611719 0.484722 0.108854 0.130556
2 0.551302 0.12037 0.0598958 0.0722222
2 0.539583 0.326852 0.0677083 0.0962963
2 0.445312 0.41713 0.0864583 0.0787037
2 0.420573 0.266204 0.0776042 0.0898148
2 0.471875 0.489815 0.06875 0.0888889
2 0.461719 0.3375 0.0807292 0.075
