2 0.0140625 0.687037 0.028125 0.198148
2 0.329688 0.478704 0.0802083 0.103704
2 0.265104 0.310185 0.0802083 0.0666667
2 0.354427 0.540278 0.111979 0.121296
2 0.532031 0.224074 0.0609375 0.114815
2 0.478646 0.151852 0.0604167 0.0777778
2 0.528385 0.502778 0.0588542 0.101852
2 0.417969 0.181944 0.0546875 0.0861111
2 0.261458 0.225926 0.0822917 0.0944444
2 0.247135 0.581481 0.0911458 0.116667
2 0.610937 0.483796 0.109375 0.126852
2 0.2875 0.384259 0.0885417 0.103704
2 0.561198 0.396759 0.0661458 0.0861111
2 0.538542 0.327315 0.0677083 0.0953704
2 0.55026 0.119444 0.0588542 0.0722222
2 0.420312 0.266667 0.0760417 0.0907407
2 0.44375 0.417593 0.0864583 0.0777778
2 0.470052 0.491204 0.0661458 0.0842593
2 0.460677 0.336574 0.0796875 0.0731481
