2 0.0140625 0.687963 0.028125 0.196296
2 0.329688 0.477778 0.08125 0.101852
2 0.265625 0.309722 0.0802083 0.0675926
2 0.53125 0.226852 0.0604167 0.112963
2 0.353385 0.538889 0.114063 0.124074
2 0.477344 0.149537 0.0588542 0.0787037
2 0.528646 0.503241 0.0604167 0.100926
2 0.417448 0.181944 0.0546875 0.0824074
2 0.247135 0.580556 0.0921875 0.114815
2 0.259635 0.225463 0.0838542 0.0953704
2 0.6125 0.483333 0.109375 0.127778
2 0.286198 0.385648 0.0890625 0.102778
2 0.561198 0.397685 0.0671875 0.087963
2 0.538021 0.327778 0.0677083 0.0944444
2 0.469792 0.491204 0.0666667 0.0842593
2 0.548698 0.120833 0.0578125 0.0712963
2 0.44401 0.418056 0.0859375 0.0768519
2 0.41875 0.266667 0.0760417 0.0907407
2 0.460417 0.3375 0.0802083 0.0731481
