2 0.321094 0.435648 0.0807292 0.102778
2 0.251302 0.269444 0.0828125 0.0685185
2 0.526302 0.131481 0.0546875 0.0666667
2 0.524479 0.190278 0.059375 0.075
2 0.347656 0.486111 0.115104 0.142593
2 0.408333 0.126389 0.0541667 0.0768519
2 0.523698 0.450463 0.0578125 0.10463
2 0.409115 0.211574 0.0755208 0.0972222
2 0.463802 0.0916667 0.0651042 0.0777778
2 0.276042 0.341204 0.0895833 0.108333
2 0.553385 0.340278 0.0692708 0.087963
2 0.53099 0.271759 0.0682292 0.0953704
2 0.435677 0.365741 0.0838542 0.0759259
2 0.541146 0.0587963 0.05625 0.0712963
2 0.241927 0.538426 0.0911458 0.110185
2 0.250781 0.177315 0.0838542 0.0972222
2 0.464844 0.440278 0.0661458 0.0916667
2 0.609635 0.429167 0.114063 0.134259
2 0.453906 0.286111 0.0776042 0.0740741
