2 0.0140625 0.688426 0.028125 0.200926
2 0.0372396 0.314815 0.0578125 0.105556
2 0.53099 0.227315 0.0598958 0.113889
2 0.329167 0.478241 0.0791667 0.102778
2 0.265625 0.310648 0.08125 0.0675926
2 0.357552 0.547685 0.107813 0.110185
2 0.476823 0.152315 0.0598958 0.075
2 0.528646 0.502315 0.0604167 0.100926
2 0.416927 0.184259 0.0536458 0.0814815
2 0.247656 0.581481 0.0921875 0.114815
2 0.611458 0.484259 0.110417 0.127778
2 0.258594 0.226389 0.0828125 0.0953704
2 0.28724 0.385648 0.0901042 0.102778
2 0.560938 0.397685 0.0666667 0.0861111
2 0.538542 0.327778 0.0677083 0.0944444
2 0.469531 0.491667 0.0661458 0.0851852
2 0.549479 0.121296 0.05625 0.0703704
2 0.419271 0.266667 0.0760417 0.0907407
2 0.44375 0.417593 0.0854167 0.0777778
2 0.460677 0.337963 0.0796875 0.0740741
