2 0.0369792 0.313889 0.059375 0.105556
2 0.0143229 0.688426 0.0286458 0.20463
2 0.53125 0.199074 0.0541667 0.0703704
2 0.266406 0.309722 0.0817708 0.0657407
2 0.329167 0.476852 0.0802083 0.101852
2 0.532292 0.248611 0.0614583 0.0694444
2 0.357552 0.546759 0.106771 0.112037
2 0.476823 0.149537 0.0609375 0.075
2 0.528906 0.502315 0.0588542 0.102778
2 0.417188 0.182407 0.0541667 0.0814815
2 0.247917 0.581019 0.0927083 0.117593
2 0.259375 0.226389 0.0833333 0.0953704
2 0.286458 0.385185 0.090625 0.101852
2 0.561458 0.39537 0.0666667 0.0851852
2 0.611979 0.483333 0.109375 0.127778
2 0.444792 0.417593 0.0875 0.0777778
2 0.538281 0.325926 0.0682292 0.0944444
2 0.470313 0.490278 0.0677083 0.0842593
2 0.548958 0.120833 0.0583333 0.0694444
2 0.419271 0.266204 0.0760417 0.0898148
2 0.460417 0.336574 0.0791667 0.0731481
