2 0.0354167 0.311111 0.05625 0.107407
2 0.0143229 0.6875 0.0286458 0.200926
2 0.266406 0.308333 0.0828125 0.0648148
2 0.329688 0.475926 0.08125 0.101852
2 0.53151 0.196759 0.0557292 0.0712963
2 0.532812 0.247222 0.0625 0.0666667
2 0.357292 0.54537 0.108333 0.116667
2 0.477604 0.147222 0.0625 0.0759259
2 0.416927 0.180093 0.0546875 0.0805556
2 0.528646 0.5 0.0583333 0.105556
2 0.260417 0.223611 0.0802083 0.0935185
2 0.247656 0.580093 0.0901042 0.117593
2 0.286458 0.38287 0.090625 0.102778
2 0.561198 0.393056 0.0671875 0.0842593
2 0.538281 0.324074 0.0671875 0.0962963
2 0.44375 0.415278 0.0875 0.0768519
2 0.611458 0.481944 0.1125 0.128704
2 0.419271 0.264352 0.0770833 0.0916667
2 0.548958 0.118056 0.0572917 0.0712963
2 0.471094 0.488426 0.0671875 0.087963
2 0.460938 0.334722 0.0791667 0.0731481
