2 0.0135417 0.673148 0.0270833 0.209259
2 0.330469 0.472222 0.0807292 0.1
2 0.531771 0.193056 0.0552083 0.0694444
2 0.266927 0.306019 0.0817708 0.0657407
2 0.533594 0.247222 0.0619792 0.0666667
2 0.35651 0.543519 0.110937 0.118519
2 0.417188 0.175 0.0541667 0.0814815
2 0.477865 0.142593 0.0630208 0.0814815
2 0.528385 0.498148 0.0588542 0.103704
2 0.260417 0.222685 0.0833333 0.0935185
2 0.248177 0.57963 0.0890625 0.12037
2 0.539062 0.322222 0.0666667 0.0925926
2 0.560938 0.391667 0.06875 0.0851852
2 0.286458 0.381481 0.090625 0.101852
2 0.44401 0.4125 0.0838542 0.0768519
2 0.61224 0.480556 0.115104 0.12963
2 0.55026 0.114815 0.0588542 0.0740741
2 0.41901 0.262037 0.0765625 0.0944444
2 0.471094 0.486574 0.0682292 0.087963
2 0.461458 0.333796 0.0791667 0.0731481
