2 0.0135417 0.67037 0.0270833 0.2
2 0.329948 0.472685 0.0828125 0.100926
2 0.0364583 0.306481 0.053125 0.101852
2 0.265104 0.305556 0.0822917 0.0648148
2 0.531771 0.190278 0.0552083 0.0657407
2 0.354427 0.538426 0.113021 0.126852
2 0.533594 0.247685 0.0609375 0.0638889
2 0.528125 0.497685 0.0583333 0.102778
2 0.479427 0.142593 0.0619792 0.0796296
2 0.417708 0.174537 0.0552083 0.0861111
2 0.259115 0.220833 0.0828125 0.0935185
2 0.560417 0.390741 0.0677083 0.0851852
2 0.539062 0.321759 0.0666667 0.0935185
2 0.247135 0.578704 0.0890625 0.118519
2 0.285937 0.380556 0.090625 0.103704
2 0.6125 0.478704 0.113542 0.125926
2 0.44375 0.411574 0.0833333 0.0768519
2 0.54974 0.114352 0.0598958 0.0712963
2 0.41901 0.262037 0.0765625 0.0925926
2 0.470313 0.486111 0.0666667 0.087037
2 0.460938 0.333333 0.0791667 0.0722222
