2 0.0348958 0.304167 0.0552083 0.102778
2 0.333073 0.486111 0.0880208 0.125926
2 0.0135417 0.669907 0.0270833 0.193519
2 0.265104 0.306019 0.0822917 0.0657407
2 0.53125 0.190741 0.0552083 0.0666667
2 0.533073 0.248148 0.0609375 0.0648148
2 0.528125 0.500463 0.059375 0.102778
2 0.351302 0.527778 0.115104 0.148148
2 0.416667 0.176852 0.0552083 0.0833333
2 0.477604 0.143056 0.0614583 0.0805556
2 0.286458 0.379167 0.0895833 0.10463
2 0.246875 0.579167 0.0895833 0.119444
2 0.258594 0.219444 0.0828125 0.0925926
2 0.560156 0.391667 0.0682292 0.0851852
2 0.443229 0.4125 0.0822917 0.0768519
2 0.538542 0.321759 0.0666667 0.0935185
2 0.61276 0.479167 0.114063 0.128704
2 0.469792 0.486574 0.0666667 0.0861111
2 0.41849 0.261111 0.0765625 0.0925926
2 0.548958 0.114815 0.0583333 0.0722222
2 0.460677 0.333796 0.0796875 0.0731481
