2 0.0135417 0.670833 0.0270833 0.202778
2 0.0364583 0.305093 0.05625 0.102778
2 0.329948 0.474537 0.0828125 0.102778
2 0.264583 0.306019 0.08125 0.0657407
2 0.53151 0.190741 0.0557292 0.0666667
2 0.533073 0.246296 0.0609375 0.0648148
2 0.353646 0.535648 0.114583 0.134259
2 0.527865 0.496759 0.0588542 0.102778
2 0.416927 0.175926 0.0546875 0.0851852
2 0.477865 0.142593 0.0619792 0.0796296
2 0.560417 0.390278 0.0677083 0.0842593
2 0.258594 0.219907 0.0828125 0.0935185
2 0.247135 0.578704 0.0890625 0.118519
2 0.286458 0.37963 0.090625 0.105556
2 0.538542 0.321759 0.0666667 0.0935185
2 0.611719 0.478704 0.114063 0.127778
2 0.548958 0.114352 0.0604167 0.0712963
2 0.443229 0.411111 0.0822917 0.0777778
2 0.41875 0.261111 0.0760417 0.0925926
2 0.470313 0.486111 0.0666667 0.087037
2 0.461198 0.333333 0.0796875 0.0722222
