2 0.0346354 0.305093 0.0505208 0.10463
2 0.33125 0.471296 0.08125 0.1
2 0.0143229 0.668981 0.0286458 0.19537
2 0.265104 0.306944 0.0822917 0.0675926
2 0.531771 0.219907 0.0604167 0.115741
2 0.354948 0.536574 0.114063 0.136111
2 0.529427 0.496296 0.0598958 0.105556
2 0.417188 0.176389 0.053125 0.087963
2 0.477865 0.14213 0.0609375 0.0805556
2 0.561198 0.389352 0.0682292 0.0842593
2 0.260938 0.220833 0.0833333 0.0953704
2 0.248437 0.579167 0.0864583 0.121296
2 0.540104 0.32037 0.0677083 0.0944444
2 0.613542 0.477778 0.113542 0.12963
2 0.28776 0.380556 0.0890625 0.103704
2 0.444531 0.410185 0.0838542 0.0777778
2 0.419531 0.260648 0.0755208 0.0916667
2 0.55026 0.113889 0.0598958 0.0740741
2 0.471615 0.486111 0.0682292 0.0888889
2 0.461458 0.33287 0.0802083 0.0731481
