2 0.0140625 0.661574 0.028125 0.191667
2 0.33099 0.468981 0.0807292 0.100926
2 0.263281 0.306481 0.0807292 0.0685185
2 0.53125 0.185185 0.0541667 0.0666667
2 0.533333 0.24537 0.059375 0.0648148
2 0.355208 0.533796 0.115625 0.128704
2 0.529167 0.49537 0.059375 0.103704
2 0.477083 0.140741 0.0645833 0.0833333
2 0.416927 0.175926 0.0526042 0.0851852
2 0.260677 0.220833 0.0848958 0.0953704
2 0.561458 0.387963 0.06875 0.0833333
2 0.445052 0.410185 0.0848958 0.0777778
2 0.614844 0.476389 0.114063 0.126852
2 0.248437 0.576389 0.0875 0.119444
2 0.540104 0.32037 0.0677083 0.0944444
2 0.288281 0.378704 0.0880208 0.103704
2 0.550781 0.1125 0.0588542 0.0712963
2 0.420052 0.259259 0.0744792 0.0907407
2 0.471094 0.485185 0.0682292 0.087037
2 0.461458 0.331944 0.0791667 0.0731481
