2 0.332292 0.469444 0.0791667 0.105556
2 0.0143229 0.668519 0.0286458 0.196296
2 0.268229 0.298611 0.08125 0.0638889
2 0.0364583 0.303241 0.0520833 0.0972222
2 0.532031 0.181019 0.0546875 0.0675926
2 0.533333 0.240741 0.0604167 0.0685185
2 0.355469 0.525 0.113021 0.140741
2 0.528385 0.49213 0.0578125 0.100926
2 0.477865 0.138889 0.0598958 0.0796296
2 0.560156 0.383796 0.0682292 0.0842593
2 0.418229 0.169444 0.0520833 0.0833333
2 0.288021 0.374537 0.0895833 0.10463
2 0.261198 0.216667 0.0848958 0.0944444
2 0.539323 0.31713 0.0671875 0.0953704
2 0.6125 0.474074 0.115625 0.131481
2 0.249219 0.572685 0.0880208 0.117593
2 0.444531 0.406944 0.0817708 0.0768519
2 0.54974 0.109722 0.0578125 0.0694444
2 0.420573 0.256481 0.0744792 0.0888889
2 0.471094 0.481944 0.0651042 0.0861111
2 0.461719 0.328704 0.0796875 0.0740741
