2 0.0132813 0.655093 0.0265625 0.199074
2 0.255729 0.274537 0.0822917 0.0731481
2 0.526563 0.180093 0.0604167 0.10463
2 0.523438 0.45463 0.0572917 0.105556
2 0.348958 0.489352 0.114583 0.143519
2 0.406771 0.138889 0.0552083 0.087037
2 0.252604 0.183333 0.0864583 0.1
2 0.465365 0.0953704 0.0630208 0.0777778
2 0.532812 0.276389 0.0677083 0.0953704
2 0.244792 0.544444 0.0916667 0.114815
2 0.555729 0.345833 0.0708333 0.087963
2 0.410156 0.21713 0.0755208 0.0990741
2 0.277865 0.347222 0.0901042 0.107407
2 0.610417 0.43287 0.114583 0.132407
2 0.541927 0.0662037 0.0567708 0.0675926
2 0.465625 0.443981 0.065625 0.0916667
2 0.43776 0.37037 0.0828125 0.0759259
2 0.455729 0.290741 0.078125 0.0740741
