2 0.015625 0.6625 0.03125 0.202778
2 0.26276 0.303241 0.0796875 0.0675926
2 0.0372396 0.304167 0.0536458 0.100926
2 0.33151 0.468519 0.0807292 0.1
2 0.533594 0.180093 0.0546875 0.0638889
2 0.358333 0.537037 0.108333 0.118519
2 0.535156 0.242593 0.0619792 0.0666667
2 0.477604 0.138889 0.0614583 0.0796296
2 0.530208 0.490741 0.0604167 0.101852
2 0.417969 0.168519 0.0526042 0.0814815
2 0.560938 0.384259 0.06875 0.0851852
2 0.261458 0.216667 0.0854167 0.0944444
2 0.288802 0.375 0.0901042 0.103704
2 0.539583 0.31713 0.0666667 0.0953704
2 0.55 0.108796 0.0583333 0.0694444
2 0.614323 0.473611 0.114063 0.130556
2 0.445833 0.406481 0.0833333 0.0777778
2 0.471875 0.48287 0.0645833 0.0861111
2 0.25026 0.574074 0.0880208 0.118519
2 0.421094 0.256481 0.0755208 0.0907407
2 0.461979 0.329167 0.0791667 0.0731481
