2 0.0372396 0.304167 0.0515625 0.102778
2 0.332031 0.469444 0.0817708 0.101852
2 0.0153646 0.660648 0.0307292 0.202778
2 0.265104 0.302315 0.0854167 0.0675926
2 0.533854 0.181481 0.0552083 0.0685185
2 0.534896 0.240278 0.0614583 0.0694444
2 0.357292 0.532407 0.115625 0.12963
2 0.418229 0.172685 0.0520833 0.0842593
2 0.53099 0.49213 0.0598958 0.102778
2 0.478385 0.138426 0.0619792 0.0787037
2 0.561458 0.384259 0.0697917 0.0851852
2 0.26276 0.218056 0.0890625 0.0953704
2 0.541146 0.316667 0.0677083 0.0944444
2 0.446875 0.407407 0.0854167 0.0777778
2 0.616146 0.472685 0.115625 0.130556
2 0.289323 0.375463 0.0890625 0.106481
2 0.250781 0.574074 0.0880208 0.118519
2 0.472656 0.483333 0.0651042 0.087037
2 0.422656 0.256019 0.0734375 0.0916667
2 0.551042 0.109722 0.059375 0.0694444
2 0.46224 0.329167 0.0796875 0.0731481
