2 0.332292 0.468981 0.0822917 0.100926
2 0.534896 0.181944 0.0552083 0.0675926
2 0.0158854 0.661574 0.0317708 0.199074
2 0.0377604 0.303241 0.0526042 0.102778
2 0.263281 0.303704 0.0817708 0.0703704
2 0.535677 0.238889 0.0619792 0.0722222
2 0.357292 0.53287 0.114583 0.128704
2 0.53151 0.49213 0.0598958 0.102778
2 0.477604 0.139352 0.0635417 0.0805556
2 0.41901 0.173148 0.0515625 0.0833333
2 0.563281 0.385648 0.0692708 0.0861111
2 0.263021 0.216667 0.0854167 0.0944444
2 0.447135 0.407407 0.0859375 0.0796296
2 0.542448 0.316667 0.0682292 0.0944444
2 0.472656 0.483333 0.0651042 0.0851852
2 0.251302 0.574537 0.0880208 0.119444
2 0.551302 0.110185 0.0588542 0.0685185
2 0.616927 0.474537 0.114063 0.132407
2 0.290365 0.375926 0.0901042 0.105556
2 0.422396 0.256944 0.0739583 0.0916667
2 0.463021 0.330093 0.0791667 0.0731481
