2 0.267188 0.299074 0.0822917 0.0666667
2 0.332552 0.465741 0.0807292 0.0981481
2 0.0161458 0.652778 0.0322917 0.209259
2 0.535417 0.180556 0.0541667 0.0648148
2 0.0372396 0.302778 0.0505208 0.103704
2 0.536719 0.239352 0.0640625 0.0712963
2 0.360156 0.538426 0.110937 0.115741
2 0.420052 0.168981 0.0526042 0.0824074
2 0.480469 0.1375 0.0619792 0.0805556
2 0.532292 0.491667 0.059375 0.103704
2 0.56276 0.384259 0.0703125 0.0851852
2 0.263802 0.216667 0.0859375 0.0944444
2 0.541927 0.316667 0.0682292 0.0944444
2 0.552083 0.108796 0.059375 0.0712963
2 0.447396 0.406944 0.084375 0.0787037
2 0.464323 0.328704 0.0796875 0.0740741
2 0.289844 0.375926 0.0911458 0.105556
2 0.422917 0.256481 0.0760417 0.0925926
2 0.251302 0.573148 0.0880208 0.118519
2 0.617188 0.474537 0.115625 0.134259
2 0.473437 0.483333 0.065625 0.0851852
