2 0.264844 0.300926 0.0848958 0.0685185
2 0.535937 0.18287 0.05625 0.0712963
2 0.0166667 0.65 0.0333333 0.196296
2 0.53724 0.235185 0.0640625 0.0777778
2 0.0395833 0.301852 0.053125 0.103704
2 0.357552 0.525 0.117188 0.137037
2 0.420833 0.172685 0.053125 0.0861111
2 0.532292 0.491667 0.059375 0.1
2 0.264844 0.218981 0.0901042 0.0990741
2 0.478646 0.137963 0.0666667 0.0777778
2 0.563281 0.384259 0.0723958 0.0851852
2 0.54375 0.316204 0.0708333 0.0935185
2 0.448958 0.405093 0.084375 0.0787037
2 0.552865 0.108333 0.0588542 0.0722222
2 0.464583 0.328241 0.08125 0.075
2 0.473698 0.482407 0.0661458 0.0833333
2 0.423438 0.256481 0.075 0.0925926
2 0.252083 0.572222 0.0885417 0.12037
2 0.616927 0.474537 0.117188 0.134259
2 0.291406 0.375 0.0890625 0.107407
