2 0.333333 0.466204 0.0802083 0.102778
2 0.264583 0.300926 0.0791667 0.0685185
2 0.536979 0.183333 0.05625 0.0722222
2 0.0408854 0.302778 0.0536458 0.103704
2 0.0169271 0.648611 0.0338542 0.19537
2 0.536719 0.216667 0.0609375 0.112963
2 0.359896 0.528704 0.115625 0.131481
2 0.533333 0.490741 0.0583333 0.0981481
2 0.266406 0.21713 0.0859375 0.0972222
2 0.420312 0.172685 0.0520833 0.0861111
2 0.478646 0.136574 0.0677083 0.0805556
2 0.564583 0.383796 0.0697917 0.0861111
2 0.448438 0.406481 0.084375 0.0796296
2 0.54401 0.315278 0.0692708 0.0916667
2 0.553385 0.106944 0.0588542 0.0731481
2 0.474479 0.48287 0.0666667 0.0842593
2 0.465365 0.328241 0.0807292 0.075
2 0.253385 0.573148 0.0880208 0.122222
2 0.424219 0.256481 0.0765625 0.0925926
2 0.617969 0.473611 0.114063 0.132407
2 0.291667 0.374074 0.090625 0.107407
