2 0.53776 0.18287 0.0557292 0.0694444
2 0.263542 0.302778 0.078125 0.0703704
2 0.0179687 0.656482 0.0359375 0.198148
2 0.0434896 0.306944 0.0536458 0.102778
2 0.538802 0.232407 0.0640625 0.0833333
2 0.535156 0.49213 0.0578125 0.0990741
2 0.358594 0.518519 0.117188 0.157407
2 0.422135 0.174074 0.0515625 0.087037
2 0.451042 0.407407 0.0833333 0.0796296
2 0.266406 0.21713 0.0859375 0.0953704
2 0.479167 0.136111 0.0677083 0.0814815
2 0.566406 0.384722 0.0703125 0.0861111
2 0.545833 0.315278 0.0708333 0.0916667
2 0.554948 0.10787 0.0567708 0.0731481
2 0.466927 0.32963 0.0807292 0.0759259
2 0.476562 0.483333 0.065625 0.0851852
2 0.293229 0.375 0.0916667 0.107407
2 0.425 0.257407 0.075 0.0925926
2 0.254427 0.573148 0.0880208 0.118519
2 0.619792 0.474537 0.115625 0.134259
