2 0.266667 0.303241 0.0802083 0.0712963
2 0.0471354 0.305093 0.0598958 0.102778
2 0.539844 0.181481 0.0557292 0.0685185
2 0.0177083 0.661111 0.0354167 0.187037
2 0.539583 0.234722 0.0625 0.0787037
2 0.424219 0.169907 0.0526042 0.0842593
2 0.536979 0.492593 0.059375 0.0981481
2 0.452604 0.407407 0.084375 0.0777778
2 0.547656 0.316204 0.0692708 0.0935185
2 0.26901 0.217593 0.0828125 0.0981481
2 0.359115 0.516667 0.117188 0.161111
2 0.48125 0.137037 0.0666667 0.0814815
2 0.567969 0.387037 0.0703125 0.0888889
2 0.256771 0.573611 0.0895833 0.119444
2 0.622917 0.475 0.114583 0.133333
2 0.478646 0.48287 0.0645833 0.0898148
2 0.46849 0.328704 0.0817708 0.0759259
2 0.427083 0.257407 0.075 0.0925926
2 0.556771 0.108796 0.0552083 0.0731481
2 0.294531 0.375463 0.0901042 0.10463
