2 0.267708 0.301389 0.0822917 0.0694444
2 0.0447917 0.30463 0.05625 0.107407
2 0.539583 0.183333 0.05625 0.0722222
2 0.0190104 0.656944 0.0380208 0.202778
2 0.538542 0.218981 0.0604167 0.110185
2 0.424219 0.169907 0.0526042 0.0842593
2 0.535937 0.493056 0.0583333 0.0990741
2 0.452865 0.407407 0.0848958 0.0777778
2 0.358854 0.51713 0.11875 0.156481
2 0.269271 0.217593 0.0822917 0.0962963
2 0.546875 0.315741 0.06875 0.0925926
2 0.48151 0.137037 0.0661458 0.0814815
2 0.567708 0.386111 0.0697917 0.087037
2 0.477083 0.483333 0.0666667 0.087037
2 0.620833 0.474074 0.114583 0.131481
2 0.468229 0.330093 0.0802083 0.0768519
2 0.255729 0.572685 0.0885417 0.119444
2 0.294531 0.374537 0.0901042 0.106481
2 0.427083 0.256944 0.0739583 0.0916667
2 0.557031 0.108333 0.0546875 0.0740741
