2 0.334115 0.472222 0.0796875 0.111111
2 0.269792 0.3 0.0822917 0.0666667
2 0.538802 0.17963 0.0546875 0.0685185
2 0.0182292 0.650926 0.0364583 0.203704
2 0.0445312 0.305556 0.0567708 0.105556
2 0.539844 0.234259 0.0640625 0.0777778
2 0.359375 0.521296 0.116667 0.148148
2 0.534896 0.491667 0.0572917 0.1
2 0.423177 0.169444 0.0536458 0.0833333
2 0.451042 0.406944 0.0833333 0.0787037
2 0.566667 0.384259 0.0697917 0.0851852
2 0.267708 0.21713 0.084375 0.0953704
2 0.545833 0.314352 0.0697917 0.0916667
2 0.481771 0.135648 0.065625 0.0824074
2 0.466927 0.328704 0.0796875 0.0759259
2 0.476302 0.483796 0.0651042 0.0861111
2 0.555729 0.108333 0.0552083 0.0703704
2 0.254427 0.573148 0.0880208 0.118519
2 0.61901 0.474074 0.117188 0.133333
2 0.29349 0.374537 0.0911458 0.108333
2 0.425 0.257407 0.0760417 0.0925926
