2 0.324219 0.438426 0.0817708 0.100926
2 0.0138021 0.658796 0.0276042 0.199074
2 0.259896 0.275926 0.084375 0.0703704
2 0.35026 0.497685 0.113021 0.139815
2 0.527344 0.181481 0.0609375 0.109259
2 0.525 0.458796 0.059375 0.10463
2 0.408594 0.138426 0.0557292 0.0787037
2 0.253125 0.1875 0.084375 0.0972222
2 0.467969 0.0990741 0.0609375 0.0777778
2 0.55651 0.349074 0.0703125 0.087037
2 0.533073 0.27963 0.0682292 0.0962963
2 0.411458 0.218981 0.075 0.0990741
2 0.244792 0.548611 0.0916667 0.115741
2 0.466146 0.447685 0.0666667 0.0916667
2 0.542188 0.0699074 0.0583333 0.0712963
2 0.278906 0.350463 0.0942708 0.106481
2 0.611198 0.436111 0.114063 0.131481
2 0.439063 0.374074 0.0833333 0.0759259
2 0.45599 0.293056 0.0796875 0.075
