2 0.265365 0.303704 0.0786458 0.0703704
2 0.538542 0.181944 0.05625 0.0675926
2 0.0427083 0.30463 0.053125 0.103704
2 0.0179687 0.659259 0.0359375 0.207407
2 0.538802 0.235185 0.0640625 0.0777778
2 0.534896 0.494444 0.059375 0.101852
2 0.451042 0.40787 0.0854167 0.0824074
2 0.422396 0.173611 0.053125 0.0861111
2 0.266406 0.218519 0.0859375 0.0962963
2 0.357812 0.518981 0.11875 0.15463
2 0.480469 0.137037 0.0671875 0.0814815
2 0.545573 0.315741 0.0692708 0.0925926
2 0.566406 0.386111 0.0703125 0.087037
2 0.476042 0.484259 0.0666667 0.087037
2 0.61875 0.474537 0.115625 0.134259
2 0.554688 0.109259 0.0572917 0.0722222
2 0.254427 0.574537 0.0880208 0.119444
2 0.293229 0.375926 0.090625 0.109259
2 0.466406 0.328241 0.0828125 0.075
2 0.42526 0.256944 0.0755208 0.0935185
