2 0.557031 0.358333 0.0744792 0.111111
2 0.26901 0.303241 0.0786458 0.0694444
2 0.01875 0.669907 0.0375 0.197222
2 0.0440104 0.308333 0.0588542 0.109259
2 0.53776 0.215278 0.0598958 0.113889
2 0.453906 0.409259 0.0848958 0.0777778
2 0.536979 0.494907 0.059375 0.102778
2 0.423958 0.172222 0.053125 0.0814815
2 0.547396 0.316667 0.06875 0.0925926
2 0.358594 0.51713 0.117188 0.160185
2 0.268229 0.219444 0.0791667 0.1
2 0.567969 0.388426 0.0703125 0.0898148
2 0.481771 0.137037 0.0677083 0.0851852
2 0.623177 0.476389 0.115104 0.132407
2 0.257031 0.575926 0.0880208 0.12037
2 0.426823 0.257407 0.0744792 0.0944444
2 0.478385 0.484722 0.0651042 0.0916667
2 0.468229 0.32963 0.0822917 0.0759259
2 0.294792 0.377315 0.0885417 0.106481
2 0.55651 0.110648 0.0557292 0.0731481
