2 0.541406 0.17963 0.0494792 0.0611111
2 0.55625 0.350463 0.075 0.10463
2 0.267188 0.30787 0.078125 0.0731481
2 0.539323 0.214815 0.0588542 0.114815
2 0.01875 0.661574 0.0375 0.19537
2 0.539062 0.494907 0.0614583 0.102778
2 0.424479 0.170833 0.0510417 0.0824074
2 0.548958 0.316667 0.0708333 0.0907407
2 0.360156 0.518056 0.117188 0.158333
2 0.454167 0.408333 0.0822917 0.0777778
2 0.625521 0.473611 0.110417 0.130556
2 0.56901 0.3875 0.0713542 0.087963
2 0.482292 0.137037 0.0677083 0.0833333
2 0.270573 0.218519 0.0807292 0.0981481
2 0.257552 0.576389 0.0890625 0.121296
2 0.427604 0.25787 0.0739583 0.0935185
2 0.479948 0.484259 0.0651042 0.0907407
2 0.295052 0.378241 0.0880208 0.10463
2 0.470573 0.329167 0.0828125 0.075
2 0.557813 0.110185 0.05625 0.0722222
