2 0.0440104 0.301852 0.0557292 0.112963
2 0.269531 0.302315 0.0838542 0.0694444
2 0.01875 0.664352 0.0375 0.20463
2 0.540104 0.239352 0.0635417 0.0694444
2 0.540365 0.18287 0.0546875 0.0694444
2 0.53724 0.493056 0.0588542 0.100926
2 0.423698 0.171296 0.0526042 0.0851852
2 0.547917 0.315741 0.071875 0.0925926
2 0.358333 0.515278 0.117708 0.160185
2 0.569271 0.384722 0.0729167 0.0861111
2 0.452865 0.406481 0.0828125 0.0777778
2 0.482812 0.136111 0.0677083 0.0814815
2 0.270312 0.21713 0.084375 0.100926
2 0.621875 0.473611 0.116667 0.134259
2 0.427604 0.25787 0.0760417 0.0935185
2 0.256771 0.573611 0.0885417 0.123148
2 0.470313 0.327315 0.0822917 0.0768519
2 0.479167 0.48287 0.065625 0.0916667
2 0.558594 0.10787 0.0557292 0.0731481
2 0.295052 0.375926 0.0890625 0.105556
