2 0.270573 0.296296 0.0828125 0.0666667
2 0.539844 0.181944 0.0567708 0.0712963
2 0.0190104 0.65787 0.0380208 0.20463
2 0.0455729 0.301852 0.0567708 0.105556
2 0.539583 0.23287 0.0625 0.0768519
2 0.535417 0.49213 0.0583333 0.100926
2 0.359896 0.517593 0.11875 0.15
2 0.423698 0.171759 0.0526042 0.087963
2 0.476823 0.481944 0.0671875 0.087963
2 0.482552 0.135648 0.0682292 0.0805556
2 0.453385 0.405093 0.0838542 0.0787037
2 0.546615 0.312963 0.0713542 0.0925926
2 0.568229 0.38287 0.0708333 0.0861111
2 0.270052 0.214815 0.0807292 0.0962963
2 0.468229 0.325926 0.0822917 0.0777778
2 0.255729 0.570833 0.0885417 0.121296
2 0.426823 0.256481 0.0765625 0.0925926
2 0.620313 0.473611 0.119792 0.134259
2 0.294271 0.372685 0.090625 0.108333
2 0.557031 0.106019 0.0567708 0.0731481
