2 0.26849 0.300463 0.0807292 0.0675926
2 0.0502604 0.301852 0.0651042 0.103704
2 0.0184896 0.6625 0.0369792 0.212037
2 0.540625 0.181019 0.0541667 0.0675926
2 0.540365 0.240278 0.0630208 0.0675926
2 0.423958 0.169444 0.0520833 0.0833333
2 0.536719 0.493519 0.0588542 0.1
2 0.359375 0.516667 0.116667 0.159259
2 0.547656 0.315278 0.0713542 0.0935185
2 0.56875 0.385185 0.071875 0.087037
2 0.452604 0.406019 0.0833333 0.0787037
2 0.482031 0.136111 0.0692708 0.0814815
2 0.469271 0.327315 0.0822917 0.0768519
2 0.269792 0.215741 0.0833333 0.1
2 0.478906 0.482407 0.0651042 0.0907407
2 0.622396 0.474537 0.116667 0.134259
2 0.427083 0.257407 0.0760417 0.0925926
2 0.257031 0.573148 0.0890625 0.124074
2 0.557552 0.106944 0.0557292 0.0731481
2 0.295573 0.374074 0.0890625 0.107407
