2 0.55625 0.350463 0.075 0.102778
2 0.260677 0.309722 0.0661458 0.075
2 0.0455729 0.306019 0.0567708 0.110185
2 0.0190104 0.659722 0.0380208 0.202778
2 0.539583 0.218519 0.0604167 0.114815
2 0.548698 0.318981 0.0692708 0.0916667
2 0.538802 0.497222 0.0609375 0.103704
2 0.454688 0.411111 0.0854167 0.0777778
2 0.425521 0.173148 0.0520833 0.0833333
2 0.360156 0.521296 0.116146 0.159259
2 0.569531 0.390278 0.0713542 0.0898148
2 0.626823 0.474537 0.109896 0.130556
2 0.270573 0.218056 0.0817708 0.0990741
2 0.481771 0.1375 0.0697917 0.0824074
2 0.257552 0.577315 0.0890625 0.121296
2 0.428125 0.258796 0.075 0.0935185
2 0.480469 0.484722 0.0651042 0.0916667
2 0.296094 0.378241 0.0880208 0.106481
2 0.558854 0.109722 0.0552083 0.0731481
2 0.470573 0.330093 0.0838542 0.0768519
