2 0.557292 0.350463 0.0729167 0.100926
2 0.265625 0.311111 0.0708333 0.0722222
2 0.0486979 0.311574 0.0630208 0.106481
2 0.0190104 0.663889 0.0380208 0.207407
2 0.539583 0.223148 0.0604167 0.112963
2 0.548437 0.320833 0.0677083 0.0916667
2 0.425781 0.173611 0.0526042 0.0824074
2 0.539062 0.499074 0.0604167 0.101852
2 0.360677 0.524074 0.115104 0.159259
2 0.454948 0.414352 0.0859375 0.0768519
2 0.483073 0.142593 0.0630208 0.0777778
2 0.62474 0.479167 0.111979 0.132407
2 0.271354 0.220833 0.0791667 0.0990741
2 0.570052 0.393056 0.0703125 0.0898148
2 0.258073 0.580093 0.0911458 0.123148
2 0.558073 0.113889 0.0557292 0.0722222
2 0.296094 0.379167 0.0880208 0.106481
2 0.427604 0.262037 0.0791667 0.0962963
2 0.471094 0.33287 0.0828125 0.0768519
2 0.480208 0.4875 0.065625 0.0916667
