2 0.265104 0.312037 0.0708333 0.0703704
2 0.0460938 0.314352 0.0588542 0.110185
2 0.541406 0.2 0.0557292 0.0796296
2 0.0190104 0.664815 0.0380208 0.212963
2 0.540885 0.24213 0.0619792 0.0731481
2 0.548177 0.321759 0.0671875 0.0916667
2 0.426042 0.174537 0.0520833 0.0805556
2 0.360417 0.523611 0.113542 0.156481
2 0.539062 0.5 0.0604167 0.101852
2 0.455208 0.414815 0.084375 0.0796296
2 0.483333 0.143519 0.0635417 0.0777778
2 0.271094 0.221759 0.0796875 0.0972222
2 0.62474 0.480093 0.110937 0.132407
2 0.569792 0.393981 0.0697917 0.0898148
2 0.258333 0.580556 0.0916667 0.12037
2 0.558073 0.114815 0.0557292 0.0722222
2 0.296875 0.380556 0.0864583 0.107407
2 0.428906 0.262037 0.0765625 0.0981481
2 0.480729 0.488426 0.065625 0.0935185
2 0.471094 0.333796 0.0828125 0.0768519
