2 0.264323 0.313426 0.0671875 0.0712963
2 0.0190104 0.66713 0.0380208 0.199074
2 0.541146 0.2 0.0541667 0.0796296
2 0.541406 0.244907 0.0619792 0.0694444
2 0.0494792 0.315278 0.0625 0.106481
2 0.547917 0.325463 0.065625 0.0953704
2 0.42474 0.177778 0.0515625 0.0833333
2 0.539323 0.500463 0.0609375 0.100926
2 0.360938 0.525463 0.1125 0.156481
2 0.454688 0.414815 0.0864583 0.0777778
2 0.482812 0.143519 0.0645833 0.0796296
2 0.570052 0.394907 0.0703125 0.0898148
2 0.62526 0.481481 0.113021 0.131481
2 0.271094 0.223148 0.0828125 0.0981481
2 0.258333 0.580093 0.090625 0.119444
2 0.559115 0.115278 0.0557292 0.0731481
2 0.296354 0.380093 0.0875 0.108333
2 0.480469 0.489815 0.0651042 0.0925926
2 0.429167 0.262963 0.0770833 0.0962963
2 0.471094 0.334259 0.0828125 0.0759259
